"DOY" "Depth" "PON" "Year"
59 5 0.255 1989
59 42 0.18 1989
59 71.8 0.242 1989
59 100.2 0.227 1989
59 126.4 0.12 1989
59 148.4 0.113 1989
59 177.6 0.061 1989
59 247.7 0.032 1989
138 1.3 0.272 1989
138 20.8 0.3 1989
138 40.9 0.293 1989
138 73.5 0.223 1989
138 98.2 0.272 1989
138 125.2 0.209 1989
138 149.8 0.098 1989
138 174.6 0.077 1989
138 252.3 0.056 1989
211 7.6 0.293 1989
211 27.8 0.301 1989
211 47.4 0.326 1989
211 76.2 0.218 1989
211 105 0.236 1989
211 129.8 0.205 1989
211 154.2 0.073 1989
211 180.7 0.084 1989
211 255.7 0.06 1989
237 6.1 0.317 1989
237 26.3 0.348 1989
237 46.9 0.31 1989
237 77.2 0.284 1989
237 103.2 0.264 1989
237 130.1 0.219 1989
237 156.9 0.122 1989
237 183.6 0.097 1989
267 78 0.398 1989
267 104.1 0.237 1989
267 155.7 0.174 1989
267 181 0.091 1989
267 257.8 0.091 1989
293 25.1 0.363 1989
293 45.3 0.314 1989
293 75.7 0.251 1989
293 101.3 0.314 1989
293 128.2 0.209 1989
293 155.6 0.105 1989
293 183.2 0.119 1989
293 260.8 0.077 1989
6 4.9 0.181 1990
6 25.5 0.204 1990
6 25.4 0.175 1990
6 25.6 0.203 1990
6 46.1 0.216 1990
6 75.6 0.192 1990
6 102.1 0.109 1990
6 102 0.096 1990
6 126.7 0.084 1990
6 154 0.069 1990
6 179.5 0.061 1990
6 258.2 0.065 1990
46 6.4 0.258 1990
46 25.6 0.251 1990
46 45.9 0.272 1990
46 76.1 0.279 1990
46 125.9 0.153 1990
46 153.3 0.084 1990
46 178.8 0.049 1990
46 257.4 0.035 1990
80 4.7 0.286 1990
80 24.6 0.279 1990
80 44.2 0.286 1990
80 73.7 0.3 1990
80 104.3 0.272 1990
80 128.9 0.153 1990
80 152.2 0.132 1990
80 176 0.119 1990
80 257.3 0.105 1990
103 6.4 0.3 1990
103 6.3 0.307 1990
102 6.3 0.314 1990
102 31.1 0.307 1990
102 31 0.314 1990
102 45.6 0.293 1990
102 75.7 0.23 1990
102 101.5 0.216 1990
102 143.2 0.174 1990
102 152.8 0.153 1990
102 177.2 0.132 1990
129 8.2 0.321 1990
129 28 0.37 1990
129 48.8 0.335 1990
129 79.6 0.321 1990
129 105.3 0.3 1990
129 130.7 0.167 1990
129 155.6 0.119 1990
129 181.6 0.098 1990
129 253.1 0.063 1990
164 11.5 0.3 1990
164 27.3 0.314 1990
164 47.4 0.342 1990
164 78.1 0.307 1990
164 104 0.237 1990
164 129.4 0.258 1990
164 154.7 0.153 1990
164 180.2 0.112 1990
164 256.9 0.098 1990
207 6 0.384 1990
207 27 0.37 1990
207 46.3 0.349 1990
207 102.3 0.293 1990
207 130.5 0.153 1990
207 154.7 0.139 1990
207 185.6 0.098 1990
207 256.8 0.091 1990
352 6.6 0.237 1990
352 28.5 0.244 1990
352 45.7 0.237 1990
352 76.5 0.237 1990
352 102 0.206 1990
352 128.3 0.139 1990
352 154.1 0.098 1990
352 177.3 0.042 1990
352 254.2 0.056 1990
35 6.9 0.209 1991
35 26.6 0.188 1991
35 26.6 0.181 1991
35 46.5 0.195 1991
35 76.2 0.188 1991
35 105.7 0.167 1991
35 105.7 0.174 1991
35 129.7 0.132 1991
35 157.4 0.077 1991
35 179.3 0.07 1991
35 264 0.056 1991
66 14.9 0.279 1991
66 30.8 0.265 1991
66 48 0.23 1991
66 77.9 0.244 1991
66 106.7 0.23 1991
66 127.4 0.23 1991
66 155.2 0.132 1991
66 175.6 0.07 1991
66 262.9 0.035 1991
100 7.6 0.279 1991
100 28.8 0.286 1991
100 47.9 0.3 1991
100 77.3 0.265 1991
100 101.6 0.293 1991
100 111.4 0.286 1991
100 118.7 0.251 1991
100 129.2 0.237 1991
100 156 0.119 1991
100 182.4 0.112 1991
100 258.6 0.105 1991
101 13 0.3 1991
101 13.1 0.272 1991
101 13.1 0.279 1991
101 12.9 0.265 1991
128 79 0.411 1991
128 105.2 0.335 1991
128 129.9 0.314 1991
128 156.7 0.139 1991
128 182.4 0.119 1991
128 182.4 0.119 1991
128 260.1 0.105 1991
155 26.2 0.265 1991
155 48.5 0.272 1991
155 78.5 0.453 1991
155 103.3 0.209 1991
155 119.1 0.272 1991
155 128.7 0.098 1991
155 140.9 0.105 1991
155 155.2 0.105 1991
155 182.3 0.091 1991
156 130.6 0.418 1991
156 258.6 0.07 1991
191 27.1 0.425 1991
191 49.1 0.481 1991
191 78.1 0.453 1991
191 106.1 0.3 1991
191 128.9 0.453 1991
191 155.4 0.216 1991
191 181.5 0.174 1991
191 258.6 0.084 1991
222 8.3 0.265 1991
222 24 0.37 1991
222 44.6 0.286 1991
222 62.7 0.404 1991
222 80.1 0.314 1991
222 102.6 0.153 1991
222 144.4 0.139 1991
222 156 0.042 1991
222 179.6 0.091 1991
260 27 0.397 1991
294 6.7 0.265 1991
294 26.2 0.335 1991
294 46.2 0.244 1991
294 76.9 0.307 1991
294 101.5 0.293 1991
294 122 0.23 1991
294 127.1 0.23 1991
294 150.8 0.119 1991
294 175.9 0.119 1991
294 251.9 0.098 1991
340 6.8 0.286 1991
340 151.1 0.146 1991
340 176.2 0.07 1991
45 27.2 0.307 1992
45 47.4 0.22 1992
45 78.1 0.181 1992
45 83.5 0.188 1992
45 124.3 0.028 1992
45 134.2 0.042 1992
45 154.6 0.112 1992
45 184.8 0.105 1992
161 8.6 0.202 1992
161 28.5 0.234 1992
161 47.5 0.223 1992
161 77.4 0.223 1992
161 103.7 0.185 1992
161 129 0.216 1992
161 154.4 0.091 1992
161 257.2 0.042 1992
186 25.5 0.293 1992
186 25.6 0.279 1992
186 73.2 0.39 1992
186 101.1 0.307 1992
186 124.5 0.216 1992
186 129.4 0.286 1992
186 134.3 0.195 1992
186 140.2 0.139 1992
186 150.3 0.132 1992
186 177.2 0.091 1992
186 248.8 0.077 1992
187 50.9 0.397 1992
187 50.8 0.537 1992
187 50.7 0.376 1992
187 135.8 0.195 1992
187 135.8 0.153 1992
187 135.8 0.167 1992
219 29.6 0.377 1992
219 49.1 0.411 1992
219 79.3 0.349 1992
219 104.4 0.363 1992
219 128.6 0.192 1992
219 155.4 0.125 1992
219 179.6 0.098 1992
219 253.9 0.07 1992
20 4.3 0.279 1993
20 25 0.314 1993
20 45.1 0.307 1993
20 72.6 0.321 1993
20 99.8 0.268 1993
20 120.6 0.244 1993
20 145.5 0.146 1993
20 177.2 0.098 1993
20 239.7 0.091 1993
47 6.8 0.356 1993
47 24.6 0.366 1993
47 44.8 0.397 1993
47 60.3 0.39 1993
47 65 0.418 1993
47 71 0.383 1993
47 75 0.356 1993
47 80.3 0.216 1993
47 95.2 0.188 1993
47 100.5 0.178 1993
47 105.4 0.181 1993
47 125.2 0.139 1993
47 150.6 0.084 1993
47 169.9 0.077 1993
47 254.5 0.063 1993
104 5.5 0.39 1993
104 28.6 0.383 1993
104 28 0.37 1993
104 44.8 0.342 1993
104 74.6 0.335 1993
104 89.7 0.342 1993
104 99.8 0.397 1993
104 99.8 0.39 1993
104 109 0.411 1993
104 126 0.314 1993
104 140.5 0.3 1993
104 148.2 0.188 1993
104 174.1 0.146 1993
104 243.2 0.16 1993
140 7.2 0.3 1993
140 27.5 0.307 1993
140 48.2 0.237 1993
140 48.2 0.286 1993
140 78.7 0.3 1993
140 78.8 0.293 1993
140 103.8 0.307 1993
140 121.3 0.265 1993
140 174.8 0.119 1993
140 212.6 0.112 1993
140 250.1 0.091 1993
256 7 0.3 1993
256 25.5 0.314 1993
256 25.2 0.314 1993
256 47 0.314 1993
256 76.8 0.342 1993
256 98.7 0.3 1993
256 98.8 0.335 1993
256 122.5 0.244 1993
256 149.4 0.167 1993
256 177.4 0.077 1993
256 251.6 0.056 1993
302 7.3 0.662 1993
302 27.4 0.383 1993
302 50.1 0.523 1993
302 55.9 0.383 1993
302 74 0.432 1993
302 90.6 0.439 1993
302 100.4 0.363 1993
302 104.8 0.641 1993
302 109.5 0.432 1993
302 113.9 0.453 1993
302 125.2 0.593 1993
302 150.8 0.167 1993
302 174.5 0.167 1993
302 255.1 0.063 1993
20 6.9 0.23 1994
20 12.6 0.237 1994
20 27.6 0.223 1994
20 46.4 0.244 1994
20 62.8 0.216 1994
20 72.9 0.223 1994
20 84.9 0.084 1994
20 99.3 0.237 1994
20 116.2 0.16 1994
20 175.9 0.091 1994
20 246.6 0.063 1994
21 6.8 0.258 1994
21 25.5 0.3 1994
21 53.4 0.237 1994
21 76.9 0.251 1994
21 101.1 0.153 1994
21 101.8 0.091 1994
21 101.9 0.167 1994
21 127.1 0.125 1994
21 150.6 0.258 1994
21 173.7 0.084 1994
48 5.5 0.307 1994
48 25.2 0.314 1994
48 44.8 0.293 1994
48 69.8 0.272 1994
48 74.8 0.293 1994
48 100.1 0.254 1994
48 126.3 0.227 1994
48 149.8 0.202 1994
48 176.1 0.105 1994
48 250.5 0.084 1994
68 5.6 0.272 1994
68 25.4 0.279 1994
68 45.6 0.272 1994
68 75.3 0.314 1994
68 100.6 0.279 1994
68 126.2 0.258 1994
68 140.8 0.244 1994
68 147.1 0.209 1994
68 175.7 0.146 1994
68 252 0.084 1994
170 25.5 0.265 1994
170 46.3 0.268 1994
170 49.2 0.3 1994
170 75 0.307 1994
170 113.9 0.279 1994
170 132.9 0.3 1994
170 150.5 0.146 1994
170 175.8 0.112 1994
170 249.5 0.091 1994
206 4.8 0.335 1994
206 25.3 0.303 1994
206 46 0.39 1994
206 75.2 0.335 1994
206 90.3 0.342 1994
206 100.5 0.321 1994
206 110.7 0.314 1994
206 125.6 0.286 1994
206 150.7 0.098 1994
206 174.5 0.132 1994
206 250.3 0.098 1994
242 4.7 0.711 1994
242 25.2 0.345 1994
242 44.5 0.349 1994
242 75.2 0.425 1994
242 94.2 0.376 1994
242 100.4 0.321 1994
242 104.7 0.328 1994
242 109.7 0.321 1994
242 114.8 0.265 1994
242 125 0.237 1994
242 149.8 0.174 1994
242 174.8 0.132 1994
242 249.6 0.091 1994
243 5.5 0.321 1994
243 24.7 0.363 1994
243 45.4 0.286 1994
243 76.1 0.328 1994
243 101.5 0.3 1994
243 125.6 0.265 1994
243 151.1 0.174 1994
243 178.5 0.146 1994
266 5.5 0.314 1994
266 24.7 0.324 1994
266 45.6 0.335 1994
266 75.1 0.328 1994
266 99.5 0.286 1994
266 109.9 0.3 1994
266 114.5 0.307 1994
266 119.6 0.314 1994
266 125 0.286 1994
266 129.6 0.237 1994
266 150.5 0.146 1994
266 175.5 0.119 1994
266 250.2 0.077 1994
288 5 0.272 1994
288 25.6 0.289 1994
288 45.2 0.272 1994
288 75.3 0.3 1994
288 100.1 0.303 1994
288 105.2 0.286 1994
288 109.3 0.265 1994
288 115.9 0.251 1994
288 120.2 0.258 1994
288 125.1 0.23 1994
288 149.8 0.112 1994
288 174.9 0.098 1994
288 252.4 0.077 1994
323 5.6 0.223 1994
323 25.4 0.195 1994
323 45.3 0.293 1994
323 76.2 0.293 1994
323 93.8 0.237 1994
323 110.8 0.22 1994
323 127.6 0.16 1994
323 152.9 0.105 1994
323 183 0.084 1994
323 255 0.063 1994
63 4.8 0.216 1995
63 25.2 0.206 1995
63 46 0.23 1995
63 74.9 0.202 1995
63 102.9 0.209 1995
63 127.3 0.132 1995
63 147.1 0.105 1995
63 173.8 0.077 1995
63 25 0.272 1995
63 45.4 0.23 1995
63 249.6 0.035 1995
96 5.3 0.698 1995
96 24.7 0.6 1995
96 45.1 0.432 1995
96 75.3 0.391 1995
96 99.4 0.411 1995
96 109.5 0.349 1995
96 124.9 0.335 1995
96 140.1 0.258 1995
96 149.9 0.223 1995
96 159.9 0.153 1995
96 175.4 0.139 1995
96 250.6 0.105 1995
127 4.7 0.328 1995
127 25 0.289 1995
127 44.9 0.307 1995
127 100.9 0.289 1995
127 125.6 0.181 1995
127 159.3 0.125 1995
127 174.1 0.146 1995
127 249.7 0.077 1995
127 74.8 0.237 1995
210 99.9 0.509 1995
210 125.1 0.328 1995
210 149.6 0.167 1995
210 174.9 0.16 1995
210 249.8 0.091 1995
240 4.7 0.3 1995
240 9.8 0.3 1995
240 24.5 0.324 1995
240 44.1 0.342 1995
240 59.3 0.383 1995
240 74.4 0.349 1995
240 91.3 0.272 1995
240 108.4 0.279 1995
240 129.2 0.209 1995
240 139.7 0.153 1995
240 149.8 0.105 1995
240 175.4 0.091 1995
240 250.3 0.07 1995
270 4.2 0.251 1995
270 24.8 0.282 1995
270 45.2 0.307 1995
270 74 0.335 1995
270 100 0.328 1995
270 124.6 0.223 1995
270 149.4 0.112 1995
270 174.5 0.105 1995
270 250.4 0.077 1995
299 5.1 0.356 1995
299 25 0.31 1995
299 44.7 0.356 1995
299 75.3 0.321 1995
299 89.3 0.286 1995
299 99.5 0.279 1995
299 104.1 0.272 1995
299 114.6 0.209 1995
299 124.5 0.153 1995
299 149.3 0.126 1995
299 174.5 0.091 1995
299 199.5 0.077 1995
299 249.7 0.063 1995
320 4.3 0.314 1995
320 25.1 0.328 1995
320 44.8 0.237 1995
320 74.5 0.279 1995
320 93.8 0.251 1995
320 99.3 0.258 1995
320 110.3 0.195 1995
320 124.6 0.153 1995
320 149.9 0.105 1995
320 175.7 0.098 1995
320 250.7 0.07 1995
320 25.2 0.328 1995
320 44.7 0.342 1995
320 99.2 0.303 1995
321 4.6 0.321 1995
321 24.6 0.488 1995
321 44.9 0.293 1995
321 74.2 0.279 1995
321 104.7 0.251 1995
16 4.5 0.391 1996
16 24 0.359 1996
16 43.6 0.397 1996
16 74.8 0.349 1996
16 84.2 0.363 1996
16 89.1 0.37 1996
16 94.1 0.356 1996
16 99.2 0.248 1996
16 104.4 0.251 1996
16 125.5 0.202 1996
16 150 0.139 1996
16 174.1 0.119 1996
16 249.8 0.105 1996
86 5.2 0.258 1996
86 24.7 0.307 1996
86 44.3 0.37 1996
86 74.7 0.321 1996
86 100.1 0.307 1996
86 125.1 0.171 1996
86 148.6 0.153 1996
86 174.8 0.021 1996
86 249.7 0.021 1996
88 8.9 0.457 1996
88 59.6 0.349 1996
88 74.3 0.662 1996
88 249.5 0.084 1996
114 4.6 0.439 1996
114 25 0.408 1996
114 44.9 0.363 1996
114 74.6 0.335 1996
114 99.6 0.293 1996
114 124.2 0.293 1996
114 134.3 0.188 1996
114 150.5 0.146 1996
114 174.9 0.091 1996
114 251.1 0.077 1996
143 4.4 0.314 1996
143 24.8 0.317 1996
143 45 0.314 1996
143 74.3 0.272 1996
143 99.2 0.237 1996
143 104.7 0.272 1996
143 129.8 0.251 1996
143 149.4 0.167 1996
143 175.5 0.153 1996
144 248.8 0.056 1996
177 4.7 0.335 1996
177 25.4 0.363 1996
177 44.9 0.377 1996
177 74.5 0.439 1996
177 99.3 0.446 1996
177 124.7 0.324 1996
177 140.2 0.265 1996
177 149.3 0.209 1996
177 160.5 0.167 1996
177 176.2 0.139 1996
208 4.3 0.342 1996
208 24.1 0.335 1996
208 45.5 0.405 1996
208 74.3 0.39 1996
208 99.6 0.282 1996
208 124.5 0.258 1996
208 149.5 0.174 1996
208 175.2 0.139 1996
208 250.4 0.105 1996
233 5 0.3 1996
233 24.6 0.324 1996
233 44.7 0.342 1996
233 74.5 0.265 1996
233 89.9 0.244 1996
233 99.7 0.279 1996
233 109.6 0.223 1996
233 119.4 0.185 1996
233 130.1 0.16 1996
233 149.2 0.112 1996
233 175 0.091 1996
233 250.1 0.063 1996
275 3.9 0.328 1996
275 23.7 0.331 1996
275 43.4 0.335 1996
275 74.5 0.307 1996
275 99.6 0.265 1996
275 109.1 0.199 1996
275 124 0.174 1996
275 149.4 0.112 1996
275 175 0.091 1996
275 249 0.077 1996
304 4.1 0.3 1996
304 24.7 0.282 1996
304 44.6 0.307 1996
304 73.6 0.342 1996
304 98.4 0.338 1996
304 124.5 0.237 1996
304 150.1 0.153 1996
304 175.1 0.126 1996
304 251.5 0.084 1996
345 4.1 0.167 1996
345 23.9 0.192 1996
345 44.3 0.167 1996
345 74.7 0.195 1996
345 100 0.178 1996
345 124.1 0.091 1996
7 5 0.241 1997
7 24.8 0.251 1997
7 44.6 0.23 1997
7 74.4 0.279 1997
7 101.2 0.195 1997
7 125.1 0.132 1997
7 149.7 0.098 1997
7 174 0.084 1997
7 249.8 0.063 1997
48 5.2 0.265 1997
48 25.3 0.268 1997
48 44.1 0.314 1997
48 74.5 0.23 1997
48 99.8 0.279 1997
48 115.3 0.286 1997
48 119.6 0.258 1997
48 124.1 0.23 1997
48 150.1 0.16 1997
48 174.6 0.153 1997
48 250.6 0.084 1997
70 4.5 0.237 1997
70 24.4 0.3 1997
70 44.7 0.31 1997
70 74.7 0.272 1997
70 99.5 0.244 1997
70 119.6 0.153 1997
70 149.5 0.112 1997
70 174.8 0.084 1997
70 249.7 0.056 1997
98 25.4 0.303 1997
98 75.3 0.335 1997
98 99.6 0.356 1997
98 125.3 0.237 1997
98 150.7 0.126 1997
98 176.2 0.112 1997
98 252.9 0.084 1997
126 4.2 0.209 1997
126 24.2 0.307 1997
126 44.9 0.279 1997
126 74.5 0.223 1997
126 99.3 0.282 1997
126 124.9 0.216 1997
126 150.2 0.112 1997
126 174.7 0.098 1997
126 250.5 0.07 1997
154 4.7 0.279 1997
154 25 0.328 1997
154 45 0.293 1997
154 75 0.321 1997
154 100 0.317 1997
154 139.4 0.209 1997
154 148.8 0.091 1997
154 175.8 0.112 1997
154 249.3 0.07 1997
155 125.1 0.314 1997
189 24.5 0.258 1997
189 44.4 0.237 1997
189 74.2 0.272 1997
189 99.8 0.265 1997
189 150 0.244 1997
189 174.2 0.202 1997
189 249.4 0.112 1997
215 4.1 0.363 1997
215 25.2 0.373 1997
215 45.6 0.383 1997
215 74.9 0.342 1997
215 100.2 0.261 1997
215 125.3 0.132 1997
215 150.3 0.112 1997
215 175.1 0.077 1997
215 249.4 0.056 1997
268 5 0.356 1997
268 24.3 0.349 1997
268 44 0.39 1997
268 74.8 0.411 1997
268 99.6 0.383 1997
268 126.5 0.328 1997
268 151.5 0.195 1997
268 175 0.126 1997
268 250.5 0.084 1997
339 4.9 0.39 1997
339 25.5 0.394 1997
339 43.6 0.349 1997
339 75.3 0.37 1997
339 100.2 0.383 1997
339 125.2 0.244 1997
339 149.4 0.139 1997
339 176 0.126 1997
339 250 0.098 1997
10 5.4 0.279 1998
10 25 0.241 1998
10 47.1 0.272 1998
10 101 0.265 1998
10 125.3 0.181 1998
10 151.8 0.119 1998
10 174.6 0.077 1998
10 251.1 0.063 1998
11 75.2 0.237 1998
49 5.1 0.23 1998
49 25.2 0.3 1998
49 45.3 0.265 1998
49 74.8 0.23 1998
49 99.7 0.303 1998
49 125.3 0.139 1998
49 149.4 0.112 1998
49 175.9 0.084 1998
49 250.4 0.028 1998
76 5.4 0.272 1998
76 24.8 0.237 1998
76 44.6 0.286 1998
76 74.3 0.307 1998
76 99.6 0.286 1998
76 125.7 0.202 1998
76 150.8 0.153 1998
76 174.6 0.112 1998
76 250.3 0.035 1998
104 5.1 0.265 1998
104 25.5 0.293 1998
104 150 0.23 1998
104 174.6 0.167 1998
104 252 0.105 1998
132 5.2 0.237 1998
132 24.8 0.258 1998
132 44.9 0.258 1998
132 74.5 0.265 1998
132 99.2 0.247 1998
132 124.8 0.3 1998
132 150.7 0.223 1998
132 174.4 0.132 1998
132 250.8 0.063 1998
168 4.9 0.279 1998
168 24.6 0.3 1998
168 45 0.321 1998
168 75.1 0.321 1998
168 109.8 0.247 1998
168 124.9 0.258 1998
168 149.1 0.132 1998
168 174.1 0.112 1998
168 253.2 0.07 1998
196 4.5 0.272 1998
196 25.4 0.279 1998
196 44.9 0.342 1998
196 75.3 0.272 1998
196 99.4 0.23 1998
196 125.7 0.237 1998
196 150.1 0.167 1998
196 174.9 0.105 1998
196 250.4 0.07 1998
222 5.2 0.404 1998
222 25.2 0.411 1998
222 45.3 0.404 1998
222 74.9 0.244 1998
222 100.1 0.195 1998
222 125.1 0.119 1998
222 149.4 0.084 1998
222 175.3 0.084 1998
222 250.5 0.126 1998
271 5.2 0.328 1998
271 25.6 0.335 1998
271 75.4 0.307 1998
271 75.4 0.328 1998
271 100.1 0.261 1998
271 125.1 0.237 1998
271 149.9 0.119 1998
271 175.2 0.098 1998
271 250.5 0.098 1998
291 5.6 0.3 1998
291 25.2 0.303 1998
291 44.9 0.265 1998
291 75.5 0.272 1998
291 99.9 0.349 1998
291 125.3 0.258 1998
291 150.7 0.16 1998
291 175.1 0.139 1998
291 250.7 0.077 1998
314 4.8 0.265 1998
314 25.1 0.268 1998
314 44.9 0.251 1998
314 74.9 0.3 1998
314 99.3 0.23 1998
314 125.4 0.153 1998
314 149.7 0.105 1998
314 175.8 0.091 1998
314 251.1 0.028 1998
342 5.5 0.342 1998
342 26.1 0.307 1998
342 44.9 0.307 1998
342 75.3 0.314 1998
342 100.8 0.314 1998
342 126.8 0.209 1998
342 150.9 0.132 1998
342 175.6 0.119 1998
342 249.5 0.084 1998
13 5.7 0.307 1999
13 25.9 0.345 1999
13 45.7 0.342 1999
13 75.8 0.293 1999
13 100.7 0.275 1999
13 125.5 0.223 1999
13 150.7 0.188 1999
13 175.9 0.153 1999
13 251.2 0.091 1999
49 5.4 0.279 1999
49 25.2 0.303 1999
49 44.6 0.279 1999
49 75.2 0.307 1999
49 100.6 0.268 1999
49 125.7 0.23 1999
49 151.3 0.216 1999
49 177.1 0.153 1999
49 251.2 0.056 1999
75 5.6 0.321 1999
75 24.9 0.314 1999
75 45.9 0.349 1999
75 76.8 0.307 1999
75 101.1 0.286 1999
75 125.3 0.286 1999
75 152.3 0.216 1999
75 176 0.153 1999
75 251.6 0.07 1999
104 4.9 0.251 1999
104 25.4 0.3 1999
104 44.8 0.314 1999
104 75.1 0.307 1999
104 99.6 0.331 1999
104 125.7 0.251 1999
104 150.3 0.188 1999
104 175 0.16 1999
104 249.5 0.119 1999
129 7.3 0.272 1999
129 27 0.286 1999
129 47.2 0.286 1999
129 76.7 0.244 1999
129 101.5 0.251 1999
129 125.4 0.171 1999
129 149.9 0.098 1999
129 173.8 0.077 1999
129 246.4 0.049 1999
194 4.6 0.293 1999
194 24.6 0.307 1999
194 45.2 0.307 1999
194 75.3 0.321 1999
194 99.6 0.397 1999
194 124.3 0.265 1999
194 149.7 0.202 1999
194 174.7 0.146 1999
194 249.8 0.077 1999
225 25 0.311 1999
225 44.7 0.412 1999
225 75 0.328 1999
225 99.7 0.283 1999
225 124.6 0.279 1999
225 150.5 0.099 1999
225 175.6 0.125 1999
225 249.1 0.045 1999
287 24.5 0.241 1999
287 44.7 0.306 1999
287 74.2 0.261 1999
287 98.9 0.223 1999
287 124.2 0.186 1999
287 149.7 0.119 1999
287 174.7 0.11 1999
287 249.4 0.045 1999
312 4.4 0.263 1999
312 23.9 0.236 1999
312 43.9 0.24 1999
312 73.7 0.24 1999
312 99.1 0.242 1999
312 125.1 0.146 1999
312 149.6 0.113 1999
312 176.3 0.09 1999
312 251.3 0.05 1999
348 5.3 0.272 1999
348 24.8 0.3 1999
348 44.6 0.345 1999
348 75.1 0.307 1999
348 100.6 0.216 1999
348 125.3 0.091 1999
348 150.2 0.098 1999
348 174.8 0.084 1999
348 251.4 0.049 1999
33 4.3 0.223 2000
33 24.7 0.247 2000
33 44.9 0.237 2000
33 74.4 0.23 2000
33 98.7 0.258 2000
33 123.8 0.181 2000
33 149.4 0.209 2000
33 174.9 0.084 2000
33 250.2 0.035 2000
60 4.5 0.244 2000
60 25.5 0.272 2000
60 44.6 0.265 2000
60 76.2 0.244 2000
60 98.8 0.254 2000
60 124.2 0.209 2000
60 149.8 0.139 2000
60 175.3 0.098 2000
60 250.4 0.063 2000
88 5.1 0.247 2000
88 25 0.261 2000
88 45.3 0.254 2000
88 74 0.24 2000
88 100.6 0.213 2000
88 125.3 0.155 2000
88 149 0.105 2000
88 173.9 0.084 2000
88 249.8 0.06 2000
116 4.2 0.248 2000
116 24.8 0.27 2000
116 45.4 0.252 2000
116 75.3 0.248 2000
116 99.7 0.273 2000
116 149.8 0.156 2000
116 174.3 0.105 2000
116 250 0.045 2000
117 124.1 0.181 2000
144 4.3 0.275 2000
144 24.2 0.292 2000
144 43.9 0.299 2000
144 74.6 0.299 2000
144 99.2 0.238 2000
144 124.1 0.279 2000
144 148.5 0.138 2000
144 175.8 0.102 2000
144 250.2 0.064 2000
172 3.9 0.371 2000
172 29.6 0.516 2000
172 44 0.283 2000
172 74 0.248 2000
172 99.4 0.221 2000
172 123.6 0.201 2000
172 149.1 0.141 2000
172 174.2 0.096 2000
172 249.5 0.059 2000
208 3.6 0.423 2000
208 249.5 0.061 2000
208 124.2 0.202 2000
208 148.2 0.164 2000
208 175.2 0.107 2000
209 4.4 0.452 2000
209 14.3 0.52 2000
209 24.3 0.482 2000
209 59.5 0.441 2000
209 104.3 0.245 2000
209 150.2 0.174 2000
235 5.2 0.242 2000
235 25.3 0.269 2000
235 44.6 0.258 2000
235 74.2 0.276 2000
235 100 0.219 2000
235 125 0.298 2000
235 149.7 0.136 2000
235 175.6 0.093 2000
235 251 0.056 2000
292 4.6 0.26 2000
292 24.9 0.274 2000
292 45.3 0.265 2000
292 74.4 0.188 2000
292 99.1 0.217 2000
292 124.4 0.158 2000
292 148.8 0.114 2000
292 175.8 0.07 2000
292 250.3 0.044 2000
335 4.7 0.383 2000
335 24.7 0.305 2000
335 44.6 0.284 2000
335 74.8 0.285 2000
335 100.3 0.281 2000
335 125.2 0.183 2000
335 174.2 0.094 2000
335 199.2 0.077 2000
335 249.7 0.067 2000
355 4.3 0.253 2000
355 23.9 0.253 2000
355 44.6 0.273 2000
355 74.7 0.253 2000
355 98.7 0.256 2000
355 124.1 0.198 2000
355 150.9 0.122 2000
355 175.4 0.105 2000
355 200.3 0.085 2000
355 249.1 0.052 2000
17 3.9 0.249 2001
17 24 0.246 2001
17 43.8 0.298 2001
17 73.3 0.268 2001
17 100.3 0.236 2001
17 122.8 0.204 2001
17 149.7 0.133 2001
17 174.6 0.118 2001
17 199 0.087 2001
17 248.7 0.076 2001
46 24.4 0.249 2001
46 44.6 0.251 2001
46 74 0.223 2001
46 99 0.214 2001
46 125.4 0.122 2001
46 148.5 0.1 2001
46 174.9 0.106 2001
46 199.3 0.056 2001
46 249.3 0.05 2001
80 75.4 0.25 2001
80 3.6 0.258 2001
80 24.6 0.256 2001
80 43.7 0.259 2001
80 74.8 0.268 2001
80 99.1 0.233 2001
80 123.1 0.241 2001
80 149 0.109 2001
80 173.7 0.101 2001
80 199.3 0.081 2001
80 250.4 0.065 2001
107 3.6 0.239 2001
107 23.7 0.234 2001
107 43.6 0.235 2001
107 73.3 0.199 2001
107 98.9 0.239 2001
107 125.3 0.238 2001
107 149.5 0.203 2001
107 173.3 0.13 2001
107 198 0.097 2001
107 249.2 0.057 2001
137 4.8 0.298 2001
137 24.1 0.3 2001
137 44.7 0.415 2001
137 99.5 0.229 2001
137 124.2 0.226 2001
137 149.4 0.144 2001
137 175.6 0.091 2001
137 200.3 0.066 2001
137 249.5 0.056 2001
165 3.7 0.262 2001
165 23.3 0.246 2001
165 44.4 0.274 2001
165 73.4 0.264 2001
165 98.6 0.238 2001
165 124.6 0.195 2001
165 147.9 0.148 2001
165 174 0.097 2001
165 198.8 0.066 2001
165 250.2 0.058 2001
192 4 0.263 2001
192 24.9 0.264 2001
192 44 0.274 2001
192 74.2 0.235 2001
192 98.8 0.252 2001
192 124.3 0.168 2001
192 149.5 0.114 2001
192 174.3 0.092 2001
192 199.5 0.084 2001
192 249 0.064 2001
221 4.6 0.231 2001
221 25.1 0.303 2001
221 44.3 0.304 2001
221 74.5 0.277 2001
221 99.2 0.255 2001
221 124 0.181 2001
221 149.7 0.108 2001
221 174.7 0.082 2001
221 199.6 0.075 2001
221 250.4 0.085 2001
275 4.7 0.294 2001
275 25.1 0.3 2001
275 44.9 0.284 2001
275 75.9 0.263 2001
275 100 0.267 2001
275 125.1 0.176 2001
275 149.6 0.123 2001
275 174.3 0.103 2001
275 200.8 0.079 2001
275 250.1 0.06 2001
296 5 0.403 2001
296 26.5 0.41 2001
296 45.4 0.382 2001
296 75.5 0.289 2001
296 100.1 0.242 2001
296 124.7 0.126 2001
296 150.1 0.093 2001
296 174.3 0.079 2001
296 201.7 0.049 2001
296 250.1 0.06 2001
321 3.9 0.313 2001
321 24.2 0.285 2001
321 43.6 0.28 2001
321 74.1 0.301 2001
321 98.9 0.267 2001
321 125.2 0.182 2001
321 150.9 0.113 2001
321 172.4 0.095 2001
321 199.3 0.084 2001
321 249.7 0.07 2001
349 4.3 0.266 2001
349 26.2 0.265 2001
349 44.6 0.259 2001
349 75.7 0.268 2001
349 99.7 0.27 2001
349 125.7 0.11 2001
349 149.1 0.086 2001
349 176.3 0.072 2001
349 199.5 0.065 2001
349 251.1 0.053 2001
16 4.9 0.276 2002
16 23.7 0.258 2002
16 45 0.266 2002
16 74.3 0.288 2002
16 98.6 0.26 2002
16 125.7 0.252 2002
16 150.3 0.186 2002
16 173.6 0.127 2002
16 199 0.091 2002
16 248.7 0.084 2002
52 4.5 0.24 2002
52 24.5 0.258 2002
52 44.2 0.238 2002
52 75.8 0.227 2002
52 98.9 0.228 2002
52 123.8 0.141 2002
52 149.2 0.1 2002
52 175.4 0.08 2002
52 198.1 0.078 2002
52 250.9 0.058 2002
72 4.6 0.26 2002
72 24.6 0.266 2002
72 44.5 0.257 2002
72 74.8 0.263 2002
72 99.8 0.235 2002
72 124.3 0.207 2002
72 148.5 0.155 2002
72 173.9 0.1 2002
72 199.5 0.078 2002
72 249.1 0.069 2002
141 4.3 0.273 2002
141 25.2 0.271 2002
141 44.9 0.31 2002
141 75.1 0.274 2002
141 124.3 0.239 2002
141 150.5 0.113 2002
141 174.2 0.092 2002
141 200.7 0.065 2002
141 250.3 0.062 2002
180 4.4 0.268 2002
180 24 0.274 2002
180 44.3 0.307 2002
180 74 0.322 2002
180 99.4 0.261 2002
180 123.8 0.212 2002
180 149.4 0.128 2002
180 174.6 0.098 2002
180 199.4 0.082 2002
180 250.1 0.065 2002
240 5 0.305 2002
240 24.2 0.296 2002
240 45.6 0.294 2002
240 74.5 0.313 2002
240 100.4 0.272 2002
240 123 0.249 2002
240 149.6 0.159 2002
240 174.8 0.111 2002
240 201.1 0.111 2002
240 248 0.077 2002
280 5.3 0.345 2002
280 25.7 0.348 2002
280 44.9 0.401 2002
280 75.2 0.289 2002
280 101 0.301 2002
280 126.1 0.251 2002
280 151.3 0.124 2002
280 177 0.119 2002
280 203.6 0.098 2002
280 248 0.085 2002
308 4.9 0.206 2002
308 24.6 0.294 2002
308 44.6 0.312 2002
308 75.1 0.327 2002
308 99.9 0.256 2002
308 125.3 0.215 2002
308 150 0.134 2002
308 175.3 0.104 2002
308 199.4 0.117 2002
308 250.1 0.074 2002
329 4 0.265 2002
329 24.8 0.303 2002
329 44.9 0.284 2002
329 74.1 0.287 2002
329 99.4 0.252 2002
329 124.8 0.152 2002
329 149.9 0.108 2002
329 174.3 0.091 2002
329 199.4 0.087 2002
329 250.3 0.06 2002
353 4.9 0.28 2002
353 24.7 0.257 2002
353 43.8 0.285 2002
353 76.1 0.269 2002
353 100.3 0.272 2002
353 124.4 0.242 2002
353 150.1 0.124 2002
353 174.9 0.099 2002
353 199.5 0.087 2002
353 250.1 0.072 2002
17 4.4 0.275 2003
17 25 0.288 2003
17 43.3 0.286 2003
17 73.7 0.281 2003
17 101 0.266 2003
17 125.6 0.156 2003
17 147.9 0.112 2003
17 174.2 0.09 2003
17 199.5 0.087 2003
17 249.4 0.077 2003
57 4.8 0.255 2003
57 24 0.258 2003
57 45 0.279 2003
57 73.5 0.233 2003
57 98.7 0.282 2003
57 125.6 0.211 2003
57 148.3 0.119 2003
57 173.1 0.102 2003
57 199 0.093 2003
57 249.7 0.085 2003
88 8.9 0.311 2003
88 25.4 0.306 2003
88 44.2 0.303 2003
88 74.9 0.289 2003
88 99.9 0.245 2003
88 123.6 0.247 2003
88 148.8 0.162 2003
88 175.4 0.121 2003
88 200.8 0.09 2003
88 248.5 0.076 2003
114 4.1 0.275 2003
114 24.9 0.264 2003
114 44.1 0.327 2003
114 74.8 0.326 2003
114 99.4 0.288 2003
114 124.2 0.339 2003
114 148.6 0.19 2003
114 173.5 0.131 2003
114 199 0.096 2003
114 249.1 0.078 2003
141 4.2 0.254 2003
141 24.3 0.262 2003
141 43.9 0.296 2003
141 74.2 0.29 2003
141 124.9 0.251 2003
141 149.8 0.227 2003
141 174.7 0.122 2003
141 199.5 0.099 2003
141 249.4 0.075 2003
170 5 0.325 2003
170 25 0.272 2003
170 45 0.278 2003
170 74.3 0.256 2003
170 99.8 0.252 2003
170 125.1 0.253 2003
170 149.6 0.237 2003
170 174.9 0.092 2003
170 199.6 0.099 2003
170 249.3 0.088 2003
201 4.4 0.297 2003
201 24.3 0.279 2003
201 44.2 0.329 2003
201 74.3 0.331 2003
201 99.2 0.298 2003
201 124.1 0.253 2003
201 149.6 0.125 2003
201 175.9 0.081 2003
201 201.2 0.083 2003
201 248.2 0.066 2003
233 4.9 0.298 2003
233 24.4 0.319 2003
233 44.4 0.346 2003
233 74.2 0.359 2003
233 100.2 0.33 2003
233 124.3 0.223 2003
233 149.6 0.142 2003
233 175 0.121 2003
233 200.2 0.107 2003
233 250 0.074 2003
288 4.3 0.333 2003
288 23.7 0.374 2003
288 44.4 0.326 2003
288 75 0.374 2003
288 99.4 0.292 2003
288 125.1 0.194 2003
288 150.6 0.124 2003
288 175.5 0.093 2003
288 199.1 0.084 2003
288 252.9 0.074 2003
314 5.3 0.278 2003
314 25.7 0.281 2003
314 45.7 0.285 2003
314 76.8 0.252 2003
314 101.2 0.274 2003
314 125.3 0.197 2003
314 150.2 0.15 2003
314 174.4 0.115 2003
314 201.9 0.134 2003
314 250 0.132 2003
354 4.4 0.325 2003
354 23.1 0.267 2003
354 45 0.271 2003
354 75 0.257 2003
354 99 0.236 2003
354 124.7 0.138 2003
354 148.8 0.096 2003
354 167.3 0.079 2003
354 198.4 0.073 2003
354 247.9 0.069 2003
22 4.4 0.259 2004
22 23.5 0.221 2004
22 43.6 0.293 2004
22 73.3 0.272 2004
22 99.6 0.275 2004
22 123.5 0.224 2004
22 148.7 0.131 2004
22 173.7 0.096 2004
22 197.3 0.079 2004
22 250.7 0.069 2004
56 4 0.253 2004
56 23.8 0.241 2004
56 44.1 0.216 2004
56 74.5 0.261 2004
56 99.5 0.258 2004
56 125 0.205 2004
56 147.2 0.114 2004
56 173.9 0.087 2004
56 199.5 0.075 2004
56 249.6 0.07 2004
80 3.3 0.25 2004
80 25.1 0.226 2004
80 43.4 0.267 2004
80 76 0.237 2004
80 99.9 0.257 2004
80 124.7 0.222 2004
80 148.4 0.182 2004
80 173.7 0.109 2004
80 199.8 0.085 2004
80 248.1 0.071 2004
112 4.1 0.318 2004
112 24.4 0.377 2004
112 44.4 0.343 2004
112 74.4 0.303 2004
112 99.4 0.332 2004
112 124.5 0.297 2004
112 148.7 0.245 2004
112 174.6 0.143 2004
112 198.7 0.135 2004
112 250.1 0.099 2004
140 4.1 0.374 2004
140 23.9 0.429 2004
140 43.7 0.378 2004
140 73.9 0.364 2004
140 98.9 0.335 2004
140 124.4 0.318 2004
140 150.8 0.162 2004
140 174.7 0.151 2004
140 200.2 0.115 2004
140 250.9 0.08 2004
168 4.1 0.36 2004
168 24.5 0.366 2004
168 43.5 0.519 2004
168 73.7 0.326 2004
168 99.1 0.287 2004
168 123.9 0.29 2004
168 149.2 0.167 2004
168 174.3 0.141 2004
168 249.9 0.09 2004
196 4.9 0.435 2004
196 24.8 0.467 2004
196 43.1 0.333 2004
196 74.9 0.283 2004
196 99.8 0.264 2004
196 125.8 0.258 2004
196 149.3 0.188 2004
196 174.6 0.127 2004
229 4.5 0.374 2004
229 45 0.497 2004
229 75 0.271 2004
229 99.5 0.306 2004
229 123.8 0.237 2004
229 150.6 0.155 2004
229 174.9 0.11 2004
229 200.7 0.082 2004
229 250.1 0.066 2004
273 5.1 0.288 2004
273 25 0.286 2004
273 44 0.298 2004
273 75.1 0.301 2004
273 99.9 0.303 2004
273 124.3 0.248 2004
273 149.2 0.175 2004
273 174.7 0.125 2004
273 200.4 0.102 2004
273 249.1 0.086 2004
305 4.9 0.291 2004
305 25.8 0.31 2004
305 45.5 0.349 2004
305 98.5 0.313 2004
305 124.9 0.193 2004
305 150.1 0.134 2004
305 176.3 0.101 2004
305 200.8 0.081 2004
305 250.3 0.083 2004
333 5 0.26 2004
333 24.8 0.26 2004
333 45.1 0.262 2004
333 75.2 0.297 2004
333 100.1 0.185 2004
333 124.6 0.15 2004
333 150.7 0.097 2004
333 175 0.076 2004
333 199.8 0.08 2004
333 251.3 0.074 2004
356 4 0.348 2004
356 24.5 0.35 2004
356 44.9 0.339 2004
356 75.3 0.329 2004
356 97.8 0.267 2004
356 123.8 0.226 2004
356 149.8 0.114 2004
356 175.2 0.121 2004
356 201.7 0.098 2004
356 249.5 0.108 2004
33 4.8 0.308 2005
33 25.2 0.319 2005
33 44.9 0.336 2005
33 73.7 0.332 2005
33 101.6 0.321 2005
33 123.6 0.238 2005
33 149 0.141 2005
33 175.2 0.115 2005
33 200 0.102 2005
33 252.1 0.104 2005
64 5.1 0.329 2005
64 25.3 0.306 2005
64 44.6 0.288 2005
64 73.5 0.32 2005
64 100 0.377 2005
64 125.2 0.223 2005
64 150.7 0.116 2005
64 173 0.101 2005
64 199.4 0.081 2005
64 250.1 0.12 2005
138 7.4 0.314 2005
138 24.8 0.326 2005
138 45.5 0.4 2005
138 75.1 0.336 2005
138 100.5 0.293 2005
138 124.6 0.25 2005
138 148.9 0.184 2005
138 174.2 0.143 2005
138 199.6 0.107 2005
138 249.2 0.081 2005
167 12 0.289 2005
167 24.3 0.301 2005
167 45.2 0.352 2005
167 73.7 0.333 2005
167 100 0.335 2005
167 124.2 0.344 2005
167 150 0.172 2005
167 174.3 0.137 2005
167 199.5 0.11 2005
167 248.9 0.076 2005
199 4.9 0.323 2005
199 25.3 0.338 2005
199 45.5 0.334 2005
199 74.5 0.327 2005
199 100.3 0.292 2005
199 125 0.289 2005
199 150.3 0.203 2005
199 174.7 0.127 2005
199 200.5 0.107 2005
199 250.3 0.082 2005
227 4.8 0.259 2005
227 24.5 0.241 2005
227 45.1 0.273 2005
227 74.3 0.293 2005
227 99.9 0.271 2005
227 124.5 0.288 2005
227 150.5 0.184 2005
227 175.5 0.123 2005
227 199.4 0.104 2005
227 250.2 0.065 2005
254 9.9 0.425 2005
254 24.1 0.446 2005
254 44.9 0.491 2005
254 73.3 0.379 2005
254 100.6 0.292 2005
254 124.7 0.239 2005
254 149.1 0.179 2005
254 174.4 0.13 2005
254 198.9 0.112 2005
254 249.8 0.086 2005
282 9.2 0.367 2005
282 23.2 0.353 2005
282 43 0.349 2005
282 73.4 0.386 2005
282 99.3 0.318 2005
282 124.1 0.252 2005
282 149.4 0.172 2005
282 173.8 0.122 2005
282 200.4 0.121 2005
282 250.5 0.1 2005
317 5.9 0.274 2005
317 25.1 0.309 2005
317 45.6 0.291 2005
317 75 0.289 2005
317 100.2 0.294 2005
317 125 0.245 2005
317 149.8 0.15 2005
317 174.3 0.134 2005
317 200.3 0.098 2005
317 250.8 0.065 2005
348 5 0.272 2005
348 25.7 0.278 2005
348 45.8 0.317 2005
348 76 0.33 2005
348 100.5 0.317 2005
348 125.2 0.238 2005
348 150.1 0.134 2005
348 175.8 0.1 2005
348 198.5 0.099 2005
348 250.7 0.088 2005
25 8.9 0.29 2006
25 25.3 0.291 2006
25 45.2 0.298 2006
25 74 0.299 2006
25 101.4 0.278 2006
25 125 0.297 2006
25 151.6 0.221 2006
25 175.6 0.124 2006
25 197.8 0.145 2006
25 249.9 0.103 2006
47 7.6 0.282 2006
47 22.4 0.22 2006
47 43.1 0.318 2006
47 76.1 0.29 2006
47 101.3 0.28 2006
47 125.3 0.195 2006
47 147.1 0.102 2006
47 173.4 0.08 2006
47 201.8 0.073 2006
47 254.6 0.06 2006
68 6.6 0.314 2006
68 24 0.328 2006
68 44.8 0.293 2006
68 76.4 0.235 2006
68 101.6 0.269 2006
68 125.2 0.242 2006
68 151.7 0.153 2006
68 176.8 0.116 2006
68 201.5 0.077 2006
68 250.6 0.055 2006
93 25.1 0.353 2006
93 45.4 0.359 2006
93 74.3 0.338 2006
93 100.8 0.248 2006
93 125.3 0.163 2006
93 149.6 0.17 2006
93 174.4 0.177 2006
93 199.7 0.101 2006
93 249.6 0.074 2006
148 8.4 0.327 2006
148 25.1 0.361 2006
148 46.2 0.329 2006
148 76.4 0.281 2006
148 100.3 0.391 2006
148 124.3 0.287 2006
148 150.9 0.141 2006
148 175.4 0.102 2006
148 199.4 0.068 2006
148 250.8 0.055 2006
166 8 0.288 2006
166 25.6 0.322 2006
166 45.2 0.369 2006
166 76 0.321 2006
166 101.2 0.329 2006
166 124.8 0.206 2006
166 151 0.108 2006
166 175.8 0.087 2006
166 200.6 0.075 2006
166 250.6 0.061 2006
195 7.6 0.25 2006
195 25.4 0.359 2006
195 44.7 0.361 2006
195 74.9 0.361 2006
195 100.5 0.204 2006
195 125.1 0.288 2006
195 150.3 0.157 2006
195 174 0.115 2006
195 200.4 0.099 2006
195 250.6 0.084 2006
222 6.5 0.371 2006
222 25.4 0.327 2006
222 45 0.43 2006
222 75.7 0.381 2006
222 100.9 0.358 2006
222 125.5 0.23 2006
222 150.1 0.141 2006
222 175 0.107 2006
222 200.5 0.108 2006
222 251.2 0.034 2006
260 5.5 0.165 2006
260 25.7 0.198 2006
260 45.1 0.26 2006
260 75.3 0.305 2006
260 100.2 0.299 2006
260 125.2 0.281 2006
260 149.9 0.125 2006
260 175.6 0.087 2006
260 199.8 0.076 2006
260 251.7 0.065 2006
295 7.4 0.348 2006
295 26.1 0.375 2006
295 46.2 0.372 2006
295 74.5 0.35 2006
295 101.1 0.278 2006
295 126.3 0.173 2006
295 151 0.118 2006
295 173.6 0.09 2006
295 198.9 0.095 2006
295 248.2 0.065 2006
314 8 0.308 2006
314 26.2 0.256 2006
314 44.9 0.316 2006
314 76.4 0.278 2006
314 100.7 0.282 2006
314 125.9 0.14 2006
314 150.1 0.098 2006
314 175.5 0.099 2006
314 202 0.057 2006
314 250.2 0.065 2006
345 6.7 0.289 2006
345 25.6 0.265 2006
345 45.6 0.287 2006
345 74.7 0.283 2006
345 100.6 0.301 2006
345 125.6 0.201 2006
345 151 0.213 2006
345 175.6 0.093 2006
345 199.7 0.089 2006
345 249.4 0.071 2006
39 4.9 0.281 2007
39 24.7 0.28 2007
39 44.7 0.227 2007
39 74.8 0.265 2007
39 100.2 0.24 2007
39 124.6 0.219 2007
39 149.5 0.105 2007
39 175.7 0.091 2007
39 199.4 0.08 2007
39 249.6 0.065 2007
81 4.8 0.295 2007
81 25.6 0.254 2007
81 44.7 0.32 2007
81 76 0.244 2007
81 98.6 0.255 2007
81 124.4 0.225 2007
81 150.2 0.157 2007
81 175 0.095 2007
81 200.1 0.072 2007
81 249.6 0.07 2007
126 7.1 0.286 2007
126 25.1 0.324 2007
126 45.3 0.316 2007
126 75.5 0.326 2007
126 100.3 0.269 2007
126 125.7 0.251 2007
126 149.4 0.195 2007
126 174.4 0.156 2007
126 199.9 0.088 2007
126 249.5 0.074 2007
190 7.3 0.339 2007
190 24.9 0.292 2007
190 44.8 0.355 2007
190 75.3 0.209 2007
190 99.9 0.186 2007
190 125.3 0.244 2007
190 150.1 0.127 2007
190 175.2 0.113 2007
190 200.1 0.097 2007
190 251.3 0.066 2007
217 7.3 0.312 2007
217 25.2 0.346 2007
217 45 0.363 2007
217 74.3 0.396 2007
217 124.7 0.258 2007
217 150.7 0.183 2007
217 175.2 0.126 2007
217 200.2 0.108 2007
217 250.9 0.084 2007
247 27.1 0.409 2007
247 47.2 0.373 2007
247 77.5 0.36 2007
247 100.2 0.299 2007
247 125.8 0.124 2007
247 150.2 0.109 2007
247 175 0.11 2007
247 200.4 0.101 2007
247 251.1 0.073 2007
276 5.2 0.33 2007
276 25 0.324 2007
276 44.4 0.376 2007
276 74.7 0.357 2007
276 98.7 0.361 2007
276 125.1 0.27 2007
276 151.6 0.166 2007
276 174.5 0.126 2007
276 199.5 0.114 2007
276 254.4 0.094 2007
336 8.3 0.313 2007
336 25.6 0.352 2007
336 76.3 0.33 2007
336 125.5 0.365 2007
336 149.8 0.127 2007
336 175.6 0.151 2007
336 200.9 0.12 2007
355 6.5 0.301 2007
355 26.4 0.336 2007
355 45.5 0.236 2007
355 75.9 0.284 2007
355 99.9 0.288 2007
355 124.9 0.271 2007
355 149.7 0.163 2007
355 175.1 0.125 2007
355 200.1 0.109 2007
355 249.8 0.086 2007
30 6.6 0.39 2008
30 25.3 0.335 2008
30 45.3 0.334 2008
30 75 0.362 2008
30 100.4 0.336 2008
30 126.6 0.262 2008
30 148.8 0.151 2008
30 173.2 0.09 2008
30 199.6 0.087 2008
30 249.5 0.078 2008
55 6.4 0.311 2008
55 24.3 0.344 2008
55 45.6 0.3 2008
55 75.5 0.304 2008
55 99.7 0.291 2008
55 123.8 0.288 2008
55 150.9 0.169 2008
55 177.1 0.088 2008
55 200.1 0.099 2008
55 250.2 0.072 2008
149 24.7 0.385 2008
149 44.7 0.333 2008
149 75.1 0.324 2008
149 100.2 0.269 2008
149 125.9 0.176 2008
149 150.9 0.141 2008
149 176.1 0.098 2008
149 200.7 0.095 2008
178 7 0.336 2008
178 24.8 0.344 2008
178 44.6 0.324 2008
178 74.6 0.293 2008
178 100 0.276 2008
178 125.1 0.214 2008
178 149.6 0.12 2008
178 174.5 0.082 2008
178 199.7 0.063 2008
178 249.7 0.07 2008
209 5.7 0.27 2008
209 25 0.291 2008
209 45 0.373 2008
209 75.2 0.293 2008
209 100 0.248 2008
209 125.2 0.229 2008
209 150.4 0.128 2008
209 174.9 0.112 2008
209 200.1 0.089 2008
209 250 0.074 2008
230 7.1 0.367 2008
230 24.8 0.367 2008
230 45.4 0.361 2008
230 75.2 0.361 2008
230 100.6 0.334 2008
230 125 0.253 2008
230 151 0.152 2008
230 174.7 0.137 2008
230 199.6 0.124 2008
230 250.1 0.081 2008
285 7.1 0.423 2008
285 25.3 0.414 2008
285 45.3 0.358 2008
285 75 0.39 2008
285 99.7 0.303 2008
285 126.1 0.205 2008
285 149.4 0.129 2008
285 175.3 0.052 2008
285 199.3 0.093 2008
285 250.4 0.076 2008
336 9.7 0.291 2008
336 25.3 0.306 2008
336 44.7 0.302 2008
336 74.8 0.308 2008
336 99.8 0.251 2008
336 123.7 0.167 2008
336 148.1 0.116 2008
336 175.2 0.077 2008
336 200.8 0.079 2008
336 251.3 0.068 2008
21 7.3 0.269 2009
21 25.3 0.275 2009
21 45.1 0.245 2009
21 75.7 0.273 2009
21 100.3 0.211 2009
21 124.9 0.156 2009
21 150.7 0.119 2009
21 174.9 0.091 2009
21 200.5 0.06 2009
21 252.9 0.054 2009
49 10 0.252 2009
49 29.1 0.239 2009
49 43.6 0.208 2009
49 74.9 0.261 2009
49 100.1 0.239 2009
49 125.4 0.179 2009
49 149.8 0.108 2009
49 174.6 0.073 2009
49 199.5 0.059 2009
49 249.1 0.076 2009
119 5.3 0.268 2009
119 25 0.322 2009
119 45.6 0.295 2009
119 75.7 0.274 2009
119 100.2 0.337 2009
119 125.4 0.232 2009
119 149.8 0.172 2009
119 175.1 0.1 2009
119 200.1 0.069 2009
119 250.3 0.067 2009
148 5.2 0.295 2009
148 25.1 0.266 2009
148 45.4 0.281 2009
148 75.8 0.275 2009
148 101.2 0.241 2009
148 125.3 0.246 2009
148 151.8 0.169 2009
148 175.4 0.142 2009
148 201.4 0.098 2009
148 253.6 0.07 2009
185 7.4 0.28 2009
185 25.7 0.303 2009
185 45 0.327 2009
185 74.9 0.329 2009
185 99.5 0.309 2009
185 123.7 0.229 2009
185 148.7 0.168 2009
185 175.1 0.134 2009
185 200.2 0.091 2009
185 249 0.068 2009
206 8 0.319 2009
206 25 0.308 2009
206 46.3 0.328 2009
206 75.6 0.383 2009
206 99.7 0.334 2009
206 125 0.257 2009
206 150.1 0.138 2009
206 174.9 0.131 2009
206 199.6 0.098 2009
206 250.5 0.062 2009
231 6 0.35 2009
231 26.7 0.382 2009
231 45.7 0.407 2009
231 72.7 0.484 2009
231 100.5 0.352 2009
231 124.8 0.262 2009
231 150.3 0.2 2009
231 175.7 0.144 2009
231 249.5 0.1 2009
268 5.4 0.329 2009
268 25.8 0.309 2009
268 45.1 0.324 2009
268 74.4 0.265 2009
268 100.5 0.302 2009
268 125.2 0.148 2009
268 151.8 0.117 2009
268 175 0.086 2009
268 199.7 0.072 2009
268 250.7 0.062 2009
308 4.9 0.295 2009
308 24.8 0.303 2009
308 46.2 0.306 2009
308 72.9 0.31 2009
308 105.8 0.323 2009
308 130 0.182 2009
308 151.8 0.215 2009
308 171.9 0.163 2009
308 196.6 0.08 2009
308 248.8 0.057 2009
344 5.5 0.292 2009
344 25 0.291 2009
344 45.6 0.309 2009
344 75.2 0.252 2009
344 99.3 0.318 2009
344 123.3 0.217 2009
344 149.8 0.145 2009
344 173.5 0.134 2009
344 200.4 0.092 2009
344 251.3 0.078 2009
69 5.8 0.23 2010
69 25.3 0.325 2010
69 45.1 0.23 2010
69 80.1 0.225 2010
69 93.3 0.318 2010
69 128.6 0.158 2010
69 155.5 0.17 2010
69 179.1 0.137 2010
69 205.2 0.201 2010
69 256.4 0.14 2010
97 5 0.225 2010
97 24.8 0.252 2010
97 45.5 0.294 2010
97 75.5 0.294 2010
97 101.5 0.221 2010
97 125.1 0.244 2010
97 149.1 0.136 2010
97 175.3 0.118 2010
97 200.5 0.094 2010
97 248.5 0.138 2010
139 7.8 0.285 2010
139 24.7 0.297 2010
139 45.2 0.283 2010
139 74.8 0.298 2010
139 99.4 0.242 2010
139 124 0.202 2010
139 149.4 0.153 2010
139 174.9 0.121 2010
139 200.5 0.155 2010
139 251.3 0.106 2010
160 5.6 0.343 2010
160 24.4 0.307 2010
160 45.6 0.334 2010
160 75.8 0.349 2010
160 101.7 0.295 2010
160 123.8 0.263 2010
160 149.2 0.198 2010
160 178 0.131 2010
160 201.2 0.117 2010
160 252.9 0.077 2010
190 4.7 0.331 2010
190 25.1 0.346 2010
190 45.7 0.284 2010
190 75.1 0.329 2010
190 99.7 0.465 2010
190 124.8 0.222 2010
190 150 0.103 2010
190 175.9 0.088 2010
190 199.8 0.101 2010
190 249.7 0.07 2010
220 6.7 0.299 2010
220 24.7 0.323 2010
220 44.5 0.296 2010
220 74.5 0.309 2010
220 99.6 0.342 2010
220 125.2 0.284 2010
220 150.6 0.165 2010
220 175.4 0.147 2010
220 200.4 0.104 2010
220 251.5 0.089 2010
247 6.6 0.341 2010
247 25.3 0.326 2010
247 45 0.324 2010
247 74.6 0.339 2010
247 99.6 0.289 2010
247 125.3 0.195 2010
247 150.7 0.113 2010
247 175.3 0.107 2010
247 200 0.089 2010
247 251 0.094 2010
277 5.8 0.392 2010
277 26.3 0.395 2010
277 45.5 0.355 2010
277 75.3 0.399 2010
277 100.7 0.34 2010
277 125.7 0.24 2010
277 150.4 0.133 2010
277 175.2 0.051 2010
277 199.7 0.115 2010
277 250.5 0.099 2010
326 4.8 0.545 2010
326 24.8 0.269 2010
326 43.9 0.282 2010
326 74.4 0.252 2010
326 100.3 0.306 2010
326 124.6 0.183 2010
326 150.5 0.423 2010
326 175 0.16 2010
326 200.1 0.098 2010
326 250.1 0.143 2010
29 5.5 0.248 2011
29 25.9 0.272 2011
29 45.2 0.328 2011
29 76.4 0.306 2011
29 99.7 0.265 2011
29 125.1 0.176 2011
29 150.2 0.099 2011
29 174.9 0.149 2011
29 200.5 0.071 2011
29 250.3 0.099 2011
60 7.1 0.302 2011
60 25.1 0.296 2011
60 46.5 0.263 2011
60 75.3 0.244 2011
60 99.8 0.248 2011
60 125.3 0.182 2011
60 150.1 0.214 2011
60 175.6 0.152 2011
60 199.3 0.079 2011
60 250.6 0.069 2011
102 8.6 0.305 2011
102 24.7 0.315 2011
102 44.6 0.323 2011
102 75.1 0.327 2011
102 99.8 0.26 2011
102 126.3 0.286 2011
102 151.9 0.166 2011
102 175.3 0.139 2011
102 199.5 0.143 2011
102 251.1 0.087 2011
130 5.3 0.349 2011
130 25.7 0.33 2011
130 44.3 0.342 2011
130 74.1 0.318 2011
130 98.8 0.269 2011
130 123.9 0.183 2011
130 151.5 0.19 2011
130 175.1 0.106 2011
130 200.6 0.088 2011
130 250.8 0.101 2011
201 25.2 0.353 2011
201 44.4 0.304 2011
201 75.1 0.287 2011
201 99.6 0.282 2011
201 124.7 0.281 2011
201 199.7 0.096 2011
243 5.1 0.412 2011
243 25.1 0.414 2011
243 44.6 0.403 2011
243 74.7 0.329 2011
243 100.2 0.251 2011
243 124.5 0.168 2011
243 149.8 0.12 2011
243 175.2 0.083 2011
243 199.8 0.088 2011
243 249.8 0.062 2011
270 5.2 0.385 2011
270 25.2 0.29 2011
270 46.1 0.342 2011
270 75.1 0.368 2011
270 100.8 0.353 2011
270 125.2 0.258 2011
270 149.9 0.164 2011
270 175.4 0.107 2011
270 200.2 0.154 2011
270 250.8 0.068 2011
309 5.7 0.433 2011
309 25.8 0.358 2011
309 44.6 0.304 2011
309 76.9 0.351 2011
309 103 0.237 2011
309 126.8 0.182 2011
309 150.6 0.116 2011
309 174.3 0.144 2011
309 200.6 0.183 2011
309 253.5 0.145 2011
333 4.8 0.345 2011
333 24.7 0.338 2011
333 44.8 0.33 2011
333 76 0.354 2011
333 97.5 0.309 2011
333 123.9 0.184 2011
333 150.5 0.148 2011
333 169.8 0.119 2011
333 197.2 0.096 2011
333 251.4 0.22 2011
354 5.7 0.368 2011
354 24.7 0.342 2011
354 43.9 0.355 2011
354 73.8 0.34 2011
354 99.8 0.39 2011
354 123 0.295 2011
353 199.2 0.095 2011
353 248.8 0.082 2011
19 5.2 0.338 2012
19 25.3 0.274 2012
19 45.7 0.315 2012
19 76.3 0.272 2012
19 100.3 0.253 2012
19 127.3 0.238 2012
19 147.5 0.163 2012
19 176.4 0.093 2012
19 205.6 0.118 2012
19 251.7 0.073 2012
85 4.9 0.27 2012
85 25.1 0.308 2012
85 46.4 0.294 2012
85 75.4 0.243 2012
85 101.8 0.183 2012
85 125.9 0.247 2012
85 150.2 0.116 2012
85 175.4 0.092 2012
85 251.2 0.063 2012
123 4.8 0.313 2012
123 25.3 0.289 2012
123 44.6 0.272 2012
123 75 0.3 2012
123 100 0.315 2012
123 152.9 0.307 2012
123 174.3 0.174 2012
123 202.2 0.096 2012
123 253.8 0.062 2012
152 5 0.302 2012
152 25.7 0.358 2012
152 45.1 0.339 2012
152 75.3 0.332 2012
152 100.5 0.269 2012
152 125.4 0.26 2012
152 152.3 0.285 2012
152 174.5 0.14 2012
152 201.6 0.121 2012
152 250.7 0.092 2012
179 5.9 0.383 2012
179 23.9 0.328 2012
179 43.9 0.339 2012
179 74.4 0.304 2012
179 99.1 0.289 2012
179 125.1 0.284 2012
179 148.7 0.194 2012
179 174.2 0.11 2012
179 199.6 0.087 2012
179 249 0.074 2012
214 10.4 0.273 2012
214 25.8 0.293 2012
214 75 0.347 2012
214 100.4 0.283 2012
214 125.5 0.252 2012
214 150.4 0.156 2012
214 175.4 0.134 2012
214 200.7 0.097 2012
214 250.4 0.085 2012
231 5.6 0.345 2012
231 24.8 0.339 2012
231 45.3 0.34 2012
231 75.3 0.327 2012
231 100.2 0.301 2012
231 125.2 0.243 2012
231 150.2 0.181 2012
231 175.5 0.111 2012
231 200.8 0.119 2012
231 250.3 0.085 2012
259 7.6 0.304 2012
259 25.6 0.303 2012
259 44.6 0.35 2012
259 75.2 0.317 2012
259 100.4 0.335 2012
259 125.5 0.305 2012
259 150.6 0.173 2012
259 174.7 0.156 2012
259 250.6 0.086 2012
282 5.5 0.287 2012
282 25.3 0.293 2012
282 45.4 0.306 2012
282 75.5 0.315 2012
282 100.3 0.285 2012
282 124.8 0.194 2012
282 150 0.129 2012
282 175.3 0.094 2012
282 200 0.084 2012
282 250 0.071 2012
339 6.7 0.258 2012
339 26.3 0.274 2012
339 46.4 0.248 2012
339 75.6 0.315 2012
339 124.4 0.176 2012
339 151.6 0.105 2012
339 176.4 0.092 2012
339 201.4 0.095 2012
339 250.2 0.063 2012
44 7.3 0.343 2013
44 24.8 0.342 2013
44 45 0.336 2013
44 75.7 0.282 2013
44 100.2 0.256 2013
44 126.7 0.258 2013
44 149.9 0.14 2013
44 175.7 0.1 2013
44 200 0.107 2013
44 249.7 0.108 2013
66 5.9 0.248 2013
66 25.4 0.267 2013
66 45.2 0.283 2013
66 101.2 0.311 2013
66 124.7 0.263 2013
66 150.1 0.253 2013
66 175.8 0.161 2013
66 201.3 0.131 2013
66 250.2 0.081 2013
96 5.3 0.319 2013
96 26.1 0.293 2013
96 45.8 0.3 2013
96 75.7 0.284 2013
96 101 0.258 2013
96 124.9 0.203 2013
96 150.2 0.144 2013
96 175.8 0.135 2013
96 200.9 0.125 2013
96 251.6 0.067 2013
138 7.3 0.277 2013
138 23.7 0.306 2013
138 45.5 0.314 2013
138 75.8 0.285 2013
138 101.5 0.294 2013
138 125.7 0.261 2013
177 7.1 0.302 2013
177 25.9 0.305 2013
177 45.9 0.326 2013
177 75.5 0.285 2013
177 101.1 0.298 2013
177 125.4 0.233 2013
177 150.3 0.185 2013
177 175.5 0.117 2013
177 200.3 0.083 2013
177 251.2 0.081 2013
255 11 0.377 2013
255 45 0.36 2013
255 74.7 0.277 2013
255 99.8 0.225 2013
255 125.5 0.16 2013
255 151.6 0.107 2013
255 200.8 0.086 2013
255 250 0.069 2013
275 7.9 0.396 2013
275 25.4 0.401 2013
275 45.7 0.41 2013
275 76.5 0.412 2013
275 100.1 0.276 2013
275 125 0.211 2013
275 150.3 0.131 2013
275 175.2 0.099 2013
275 200.5 0.095 2013
275 250.4 0.078 2013
301 7.7 0.365 2013
301 25.3 0.363 2013
301 45.4 0.334 2013
301 75.1 0.352 2013
301 100 0.256 2013
301 124.9 0.181 2013
301 150.7 0.123 2013
301 175.1 0.108 2013
301 200.4 0.164 2013
301 251 0.085 2013
331 7.1 0.352 2013
331 25.1 0.333 2013
331 45.1 0.333 2013
331 74.3 0.318 2013
331 125.4 0.205 2013
331 150.6 0.118 2013
331 174.9 0.11 2013
331 200.1 0.12 2013
331 250.6 0.072 2013
355 8.1 0.226 2013
355 25.5 0.288 2013
355 46.3 0.406 2013
355 75.6 0.265 2013
355 99.7 0.213 2013
355 125.7 0.135 2013
355 148.6 0.097 2013
355 175.2 0.09 2013
355 249.4 0.138 2013
16 8 0.286 2014
16 25.8 0.286 2014
16 45.1 0.283 2014
16 75.3 0.264 2014
16 100.5 0.277 2014
16 126 0.281 2014
16 150.6 0.139 2014
16 175.2 0.153 2014
16 200 0.092 2014
16 250.2 0.084 2014
46 6.2 0.265 2014
46 26 0.278 2014
46 76.1 0.321 2014
46 100.7 0.245 2014
46 127 0.189 2014
46 150.7 0.137 2014
46 175.9 0.125 2014
46 202.6 0.078 2014
46 251 0.075 2014
65 5.3 0.286 2014
65 25 0.34 2014
65 46.4 0.305 2014
65 76.1 0.331 2014
65 100.1 0.315 2014
65 150.8 0.117 2014
65 200.4 0.08 2014
65 249.9 0.073 2014
152 4.8 0.384 2014
152 26.3 0.345 2014
152 44.3 0.339 2014
152 75.1 0.284 2014
152 99.1 0.3 2014
152 125 0.263 2014
152 154.6 0.137 2014
152 174.9 0.105 2014
152 199.3 0.084 2014
152 250.4 0.076 2014
182 4.9 0.354 2014
182 24.7 0.379 2014
182 44.5 0.354 2014
182 75 0.326 2014
182 100.1 0.275 2014
182 125.7 0.294 2014
182 150.4 0.184 2014
182 175.4 0.129 2014
182 200.4 0.094 2014
182 249.8 0.083 2014
258 5 0.378 2014
258 23.4 0.351 2014
258 45.2 0.347 2014
258 75.4 0.372 2014
258 100.1 0.277 2014
258 124.8 0.197 2014
258 150.3 0.129 2014
258 174.8 0.152 2014
258 200.3 0.106 2014
258 249.8 0.088 2014
287 7.1 0.469 2014
287 25.4 0.392 2014
287 75.1 0.342 2014
287 100.4 0.279 2014
287 124.5 0.199 2014
287 175.2 0.177 2014
287 201.2 0.236 2014
287 250.2 0.282 2014
326 7.8 0.381 2014
326 24.8 0.403 2014
326 45.3 0.39 2014
326 75.6 0.326 2014
326 100 0.319 2014
326 125.3 0.201 2014
326 150.8 0.149 2014
326 175.1 0.173 2014
326 200.5 0.278 2014
326 249.4 0.101 2014
351 7.4 0.28 2014
351 23.9 0.314 2014
351 45.2 0.284 2014
351 74 0.295 2014
351 99.7 0.327 2014
351 123.5 0.236 2014
351 149.7 0.125 2014
351 173.7 0.106 2014
351 199.1 0.123 2014
351 249.9 0.084 2014
56 5 0.327 2015
56 25.1 0.339 2015
56 44.5 0.409 2015
56 75.9 0.318 2015
56 103.4 0.377 2015
56 124.5 0.269 2015
56 148.8 0.178 2015
56 175.2 0.105 2015
56 200.3 0.088 2015
56 250.4 0.08 2015
89 4.6 0.293 2015
89 25 0.318 2015
89 45.3 0.3 2015
89 73.9 0.282 2015
89 99.5 0.298 2015
89 125.3 0.263 2015
89 148.4 0.182 2015
89 174.4 0.134 2015
89 200.1 0.112 2015
89 250.6 0.087 2015
112 7.6 0.333 2015
112 25.8 0.343 2015
112 75.3 0.356 2015
112 101 0.37 2015
112 124.9 0.319 2015
112 149.8 0.184 2015
112 175.7 0.141 2015
112 201.1 0.091 2015
112 250.4 0.081 2015
144 7.5 0.361 2015
144 24.9 0.335 2015
144 46.2 0.329 2015
144 74.7 0.345 2015
144 100.2 0.294 2015
144 126.4 0.341 2015
144 150.7 0.167 2015
144 173.2 0.139 2015
144 199.9 0.116 2015
144 250.9 0.09 2015
171 6.3 0.31 2015
171 25.3 0.338 2015
171 44.4 0.398 2015
171 75.7 0.347 2015
171 99.7 0.333 2015
171 125.7 0.281 2015
171 150 0.2 2015
171 175.6 0.127 2015
171 251.2 0.076 2015
201 6.6 0.311 2015
201 26.4 0.33 2015
201 45 0.407 2015
201 75.7 0.394 2015
201 100.2 0.316 2015
201 125.4 0.284 2015
201 149.9 0.141 2015
201 175.9 0.121 2015
201 200.9 0.094 2015
201 250.1 0.08 2015
225 4.7 0.305 2015
225 25.4 0.32 2015
225 44.9 0.378 2015
225 75.3 0.36 2015
225 100.6 0.314 2015
225 125.6 0.221 2015
225 150.5 0.141 2015
225 174.7 0.106 2015
225 199.7 0.072 2015
225 250.4 0.061 2015
287 4.9 0.462 2015
287 24.9 0.39 2015
287 44.6 0.342 2015
287 74.7 0.353 2015
287 100.3 0.3 2015
287 124.9 0.191 2015
287 150 0.13 2015
287 175 0.131 2015
287 200.6 0.073 2015
287 250.6 0.102 2015
318 4.9 0.382 2015
318 25.9 0.375 2015
318 46.9 0.391 2015
318 76.1 0.316 2015
318 125.9 0.192 2015
318 150.8 0.13 2015
318 175.7 0.126 2015
318 200.5 0.107 2015
318 250.5 0.081 2015
343 6.4 0.319 2015
343 25.4 0.323 2015
343 76.5 0.319 2015
343 100.1 0.263 2015
343 125.5 0.205 2015
343 149.4 0.179 2015
343 175.6 0.149 2015
343 200.5 0.111 2015
343 251.6 0.103 2015
13 5.2 0.295 2016
13 24.3 0.304 2016
13 44.9 0.316 2016
13 76.2 0.302 2016
13 99.4 0.23 2016
13 126.3 0.172 2016
13 150.2 0.132 2016
13 175.2 0.115 2016
13 199.6 0.089 2016
13 249.7 0.073 2016
41 5.4 0.267 2016
41 25.3 0.286 2016
41 45.3 0.325 2016
41 73.9 0.286 2016
41 100.6 0.307 2016
41 125.5 0.275 2016
41 150 0.373 2016
41 173.6 0.142 2016
41 250.9 0.112 2016
69 6.5 0.321 2016
69 25.1 0.314 2016
69 47.8 0.323 2016
69 75.6 0.307 2016
69 99 0.3 2016
69 126.7 0.24 2016
69 149.3 0.22 2016
69 177 0.117 2016
69 198.3 0.156 2016
69 249.8 0.124 2016
106 4.8 0.285 2016
106 25.5 0.276 2016
106 46.2 0.375 2016
106 75.5 0.285 2016
106 100.2 0.276 2016
106 125 0.264 2016
106 151.5 0.246 2016
106 176.4 0.167 2016
106 200.5 0.116 2016
106 250.2 0.084 2016
150 5.4 0.324 2016
150 25.3 0.288 2016
150 45.2 0.318 2016
150 74.7 0.265 2016
150 99.7 0.262 2016
150 125 0.292 2016
150 150.2 0.137 2016
150 175.5 0.125 2016
150 200.6 0.184 2016
150 250.4 0.081 2016
194 5.2 0.318 2016
194 25 0.316 2016
194 44.9 0.325 2016
194 76 0.298 2016
194 99.3 0.304 2016
194 125.4 0.272 2016
194 151.2 0.139 2016
194 175.5 0.115 2016
194 200.3 0.095 2016
194 251 0.081 2016
223 6.7 0.303 2016
223 25.3 0.336 2016
223 45.2 0.328 2016
223 76.6 0.328 2016
223 101.2 0.275 2016
223 125.9 0.249 2016
223 150.9 0.163 2016
223 175.3 0.131 2016
223 201.6 0.116 2016
223 249.8 0.097 2016
290 5.2 0.327 2016
290 27.6 0.338 2016
290 44.9 0.343 2016
290 74.9 0.34 2016
290 99.6 0.308 2016
290 125.3 0.235 2016
290 149.6 0.164 2016
290 176.1 0.118 2016
290 199.9 0.087 2016
290 251.4 0.088 2016
332 5.8 0.308 2016
332 25.8 0.315 2016
332 45.9 0.303 2016
332 75.9 0.419 2016
332 100.3 0.366 2016
332 127.2 0.194 2016
332 151.2 0.123 2016
332 175.8 0.105 2016
332 201.1 0.088 2016
332 250.2 0.073 2016
24 7.6 0.259 2017
24 25.8 0.256 2017
24 45.7 0.278 2017
24 75.7 0.264 2017
24 101.7 0.271 2017
24 125.3 0.165 2017
24 148.7 0.089 2017
24 176.6 0.085 2017
24 200.7 0.102 2017
24 250.9 0.064 2017
54 5.6 0.325 2017
54 25.5 0.298 2017
54 44.8 0.307 2017
54 75.7 0.283 2017
54 100.3 0.304 2017
54 126.3 0.232 2017
54 151.2 0.184 2017
54 174.8 0.146 2017
54 200.3 0.144 2017
54 250.1 0.082 2017
88 5.4 0.291 2017
88 25.3 0.326 2017
88 45.3 0.35 2017
88 76.2 0.329 2017
88 100.4 0.303 2017
88 125.9 0.304 2017
88 150.8 0.162 2017
88 175.6 0.097 2017
88 200.9 0.124 2017
116 5.4 0.351 2017
116 25.4 0.339 2017
116 45.2 0.415 2017
116 77.2 0.368 2017
116 100.3 0.347 2017
116 124.1 0.335 2017
116 149.9 0.116 2017
116 175.9 0.107 2017
116 202.7 0.09 2017
116 252.4 0.076 2017
144 5.6 0.29 2017
144 24.7 0.305 2017
144 46.2 0.297 2017
144 74.9 0.354 2017
144 100.2 0.297 2017
144 124.9 0.302 2017
144 150.7 0.204 2017
144 201.3 0.104 2017
144 249.9 0.079 2017
172 5.3 0.304 2017
172 25.8 0.317 2017
172 46 0.32 2017
172 75.6 0.382 2017
172 99.8 0.327 2017
172 125.5 0.281 2017
172 150.3 0.181 2017
172 175.2 0.124 2017
172 250.6 0.083 2017
221 5.7 0.404 2017
221 25.8 0.395 2017
221 45.5 0.332 2017
221 75.1 0.367 2017
221 101.5 0.315 2017
221 123.7 0.236 2017
221 151.3 0.131 2017
221 177.1 0.113 2017
221 202.8 0.098 2017
221 252.7 0.075 2017
280 5.6 0.311 2017
280 25.2 0.327 2017
280 42.4 0.273 2017
280 76.6 0.369 2017
280 99.8 0.287 2017
280 125.6 0.27 2017
280 149.6 0.177 2017
280 174.6 0.137 2017
280 200.6 0.092 2017
280 251 0.075 2017
313 5.6 0.298 2017
313 26.3 0.313 2017
313 45.8 0.317 2017
313 75.5 0.322 2017
313 100.8 0.327 2017
313 125.5 0.158 2017
313 150.2 0.091 2017
313 175.3 0.109 2017
313 200.3 0.074 2017
313 250.8 0.09 2017
347 5.6 0.338 2017
347 24.9 0.348 2017
347 47.3 0.333 2017
347 76.7 0.328 2017
347 101.2 0.335 2017
347 126.9 0.295 2017
347 151.5 0.151 2017
347 179 0.099 2017
347 202.6 0.102 2017
347 251.3 0.086 2017
18 6.7 0.209 2018
18 25.3 0.302 2018
18 45.1 0.29 2018
18 76.5 0.288 2018
18 101.2 0.281 2018
18 123.8 0.282 2018
18 152.7 0.168 2018
18 175.6 0.117 2018
18 201.1 0.083 2018
18 250 0.082 2018
57 5.9 0.273 2018
57 25.9 0.312 2018
57 44.7 0.273 2018
57 76.7 0.273 2018
57 102.6 0.278 2018
57 126.7 0.185 2018
57 151.3 0.1 2018
57 174.1 0.187 2018
57 200.4 0.093 2018
57 250.9 0.061 2018
108 6.2 0.341 2018
108 24.8 0.351 2018
108 47.7 0.336 2018
108 74.4 0.363 2018
108 99.1 0.329 2018
108 126.3 0.267 2018
108 148.7 0.178 2018
108 174.4 0.156 2018
108 203.9 0.134 2018
108 248.6 0.097 2018
136 25.7 0.359 2018
136 45.3 0.301 2018
136 75.3 0.303 2018
136 100.1 0.29 2018
136 125.6 0.268 2018
136 149.8 0.192 2018
136 174.7 0.121 2018
136 200.3 0.077 2018
136 250.6 0.063 2018
178 5.9 0.31 2018
178 26.1 0.322 2018
178 45.3 0.335 2018
178 77.6 0.349 2018
178 100.8 0.351 2018
178 125.9 0.275 2018
178 150.3 0.29 2018
178 176.4 0.163 2018
178 201.3 0.125 2018
178 251.2 0.111 2018
206 5.6 0.31 2018
206 26 0.334 2018
206 46.6 0.618 2018
206 75.3 0.345 2018
206 123.6 0.211 2018
206 150.9 0.127 2018
206 176.7 0.099 2018
206 201.2 0.105 2018
206 250.5 0.12 2018
254 5.3 0.244 2018
254 25.2 0.229 2018
254 45.8 0.316 2018
254 76.8 0.251 2018
254 101.4 0.166 2018
254 126 0.189 2018
254 151.2 0.12 2018
254 176 0.097 2018
254 201.8 0.091 2018
254 250.8 0.08 2018
286 5.5 0.278 2018
286 25.2 0.318 2018
286 45.2 0.267 2018
286 74 0.276 2018
286 98.5 0.283 2018
286 124.4 0.186 2018
286 148.8 0.118 2018
286 174.4 0.085 2018
286 199.8 0.059 2018
286 250.1 0.057 2018
321 4.9 0.304 2018
321 25.6 0.302 2018
321 44 0.295 2018
321 74.7 0.295 2018
321 100 0.222 2018
321 125 0.144 2018
321 149 0.137 2018
321 174 0.081 2018
321 199.4 0.067 2018
321 249.2 0.084 2018
16 6.9 0.362 2019
16 25.9 0.364 2019
16 45.1 0.312 2019
16 76.6 0.298 2019
16 99.4 0.275 2019
16 124.6 0.194 2019
16 152.4 0.116 2019
16 175.6 0.077 2019
16 250 0.067 2019
51 6.9 0.261 2019
51 24.3 0.26 2019
51 43.9 0.25 2019
51 73.6 0.266 2019
51 100.2 0.291 2019
51 123.7 0.257 2019
51 147.6 0.143 2019
51 173.6 0.088 2019
51 199.5 0.082 2019
51 247.8 0.067 2019
123 5.3 0.234 2019
123 24.9 0.29 2019
123 44.5 0.308 2019
123 75.3 0.292 2019
123 124.8 0.262 2019
123 149 0.173 2019
123 175.4 0.13 2019
123 199.4 0.096 2019
123 250.2 0.077 2019
163 4.2 0.264 2019
163 24.6 0.315 2019
163 44.9 0.315 2019
163 74.5 0.324 2019
163 100 0.262 2019
163 124.5 0.206 2019
163 150.6 0.129 2019
163 174.5 0.111 2019
163 199.6 0.09 2019
163 250.4 0.102 2019
183 4.4 0.27 2019
183 24.9 0.301 2019
183 44.2 0.341 2019
183 75 0.311 2019
183 99.5 0.316 2019
183 124.7 0.25 2019
183 149.8 0.116 2019
183 174.4 0.112 2019
183 200.1 0.093 2019
183 249.6 0.075 2019
215 5 0.357 2019
215 24 0.338 2019
215 44.4 0.265 2019
215 74.3 0.381 2019
215 99.7 0.305 2019
215 124.7 0.25 2019
215 149.1 0.138 2019
215 174.2 0.109 2019
215 200.1 0.108 2019
215 250.5 0.08 2019
248 4.8 0.314 2019
248 24.9 0.36 2019
248 44.7 0.358 2019
248 74.3 0.356 2019
248 99.7 0.298 2019
248 125.1 0.219 2019
248 150 0.129 2019
248 174.8 0.106 2019
248 200.4 0.093 2019
248 200.3 0.141 2019
248 250 0.078 2019
291 5 0.317 2019
291 24.2 0.334 2019
291 44.5 0.329 2019
291 74.8 0.32 2019
291 99.4 0.285 2019
291 124.3 0.183 2019
291 148.7 0.137 2019
291 175 0.085 2019
291 199.9 0.067 2019
291 249.3 0.093 2019
354 5.7 0.276 2019
354 24.3 0.28 2019
354 43.5 0.25 2019
354 74.5 0.273 2019
354 98.9 0.278 2019
354 124.4 0.163 2019
354 149.5 0.102 2019
354 176 0.12 2019
354 200.1 0.11 2019
354 244.7 0.117 2019
