"DOY" "Depth" "PP" "Year"
210 5 3.89 1989
210 25 5.025 1989
210 45 6.295 1989
210 75 3.795 1989
210 100 3.145 1989
210 125 0.845 1989
210 150 0.225 1989
210 175 0.15 1989
265 2 3.8 1989
265 10 5.21 1989
265 45 5.29 1989
265 75 0.79 1989
265 100 3.03 1989
265 125 0.69 1989
265 150 0.12 1989
265 175 0.125 1989
291 5 5.225 1989
291 20 3.61 1989
291 45 6.545 1989
291 80 3.715 1989
291 100 1.19 1989
291 120 0.325 1989
291 160 0.09 1989
291 175 0.08 1989
332 2 2.09 1989
332 10 2.49 1989
332 20 5.68 1989
332 45 2.715 1989
332 65 3.835 1989
332 95 2.11 1989
332 110 0.605 1989
332 140 0.11 1989
5 2 4.68 1990
5 10 4.59 1990
5 40 3.97 1990
5 80 1.82 1990
5 95 1.545 1990
5 120 0.7 1990
5 145 0.145 1990
5 175 0.085 1990
46 4 2.53 1990
46 10 5.53 1990
46 30 3.08 1990
46 70 3.295 1990
46 88 2.63 1990
46 115 0.83 1990
46 135 0.26 1990
78 5 4.203 1990
78 25 3.643 1990
78 45 4.663 1990
78 75 4.84 1990
78 100 3.497 1990
78 125 1.723 1990
78 150 0.283 1990
78 175 0.133 1990
103 2 2.7 1990
103 10 0.98 1990
103 40 2.41 1990
103 80 1.855 1990
103 95 4.58 1990
103 120 1.9 1990
103 145 0.855 1990
103 175 0.13 1990
129 5 6.39 1990
129 25 2.87 1990
129 45 5.62 1990
129 75 2.905 1990
129 100 4.685 1990
129 125 1.1 1990
129 150 0.17 1990
129 175 0.07 1990
164 5 3.31 1990
164 25 1.29 1990
164 45 1.27 1990
164 75 2.387 1990
164 100 4.18 1990
164 125 0.59 1990
164 150 0.087 1990
164 175 0.083 1990
206 5 1.923 1990
206 25 1.44 1990
206 45 4.227 1990
206 75 3.26 1990
206 100 3.243 1990
206 125 0.393 1990
206 150 0.16 1990
352 5 5.017 1990
352 25 4.74 1990
352 45 3.117 1990
352 75 1.093 1990
352 100 0.897 1990
352 125 0.17 1990
352 150 0.045 1990
35 5 5.72 1991
35 25 5.473 1991
35 75 2.6 1991
35 100 0.967 1991
35 125 0.55 1991
35 150 0.067 1991
35 175 0.02 1991
100 5 5.04 1991
100 25 6.653 1991
100 45 5.09 1991
100 75 2.853 1991
100 100 1.573 1991
100 125 0.723 1991
100 150 0.11 1991
100 175 0.043 1991
128 5 11.385 1991
128 25 10.69 1991
128 45 7.3 1991
128 75 4.28 1991
128 100 2.255 1991
128 125 1.697 1991
128 150 0.3 1991
128 175 0.065 1991
156 5 6.21 1991
156 25 8.535 1991
156 45 7.05 1991
156 75 3.203 1991
156 100 1.457 1991
156 125 0.78 1991
156 150 0.17 1991
156 175 0.035 1991
191 5 4.587 1991
191 25 6.403 1991
191 45 4.24 1991
191 75 3.507 1991
191 100 1.92 1991
191 125 0.863 1991
191 150 0.143 1991
191 175 0.075 1991
222 5 6.957 1991
222 25 6.747 1991
222 45 5.485 1991
222 75 3.15 1991
222 100 1.27 1991
222 125 0.737 1991
222 150 0.153 1991
222 175 0.057 1991
261 5 7.475 1991
261 25 7.827 1991
261 45 5.93 1991
261 75 3.55 1991
261 100 1.473 1991
261 125 0.533 1991
261 150 0.057 1991
261 175 0.107 1991
294 5 9.59 1991
294 25 6.453 1991
294 45 5.233 1991
294 75 2.617 1991
294 100 0.913 1991
294 125 0.217 1991
294 150 0.053 1991
294 175 0.145 1991
340 5 5.107 1991
340 25 5.4 1991
340 45 4.193 1991
340 75 1.867 1991
340 100 0.75 1991
340 125 0.18 1991
340 150 0.05 1991
5 5 7.817 1992
5 25 6.017 1992
5 45 4.967 1992
5 75 1.61 1992
5 100 0.515 1992
5 125 0.093 1992
5 150 0.035 1992
5 175 0.027 1992
45 5 12.36 1992
45 25 10.88 1992
45 45 8.085 1992
45 75 2.867 1992
45 100 1.157 1992
45 125 0.59 1992
45 150 0.147 1992
45 175 0.047 1992
65 5 6.55 1992
65 25 7.593 1992
65 45 6.06 1992
65 75 3.897 1992
65 100 0.527 1992
65 125 0.78 1992
65 150 0.17 1992
65 175 0.04 1992
108 5 6.617 1992
108 25 5.737 1992
108 45 4.32 1992
108 75 3.563 1992
108 100 1.86 1992
108 125 0.74 1992
108 150 0.123 1992
161 5 8.42 1992
161 25 8.203 1992
161 45 7.005 1992
161 75 3.86 1992
161 100 2.153 1992
161 125 1.597 1992
161 150 0.243 1992
187 5 4.1 1992
187 25 6.09 1992
187 45 2.735 1992
187 75 4.05 1992
187 100 2.327 1992
187 125 0.967 1992
187 150 0.163 1992
187 175 0.057 1992
218 5 5.963 1992
218 25 6.5 1992
218 45 5.17 1992
218 75 2.677 1992
218 100 2.133 1992
218 125 0.293 1992
218 150 0.06 1992
218 175 0.027 1992
266 5 5.803 1992
266 25 6.307 1992
266 45 5.34 1992
266 75 2.703 1992
266 100 2.293 1992
266 125 0.417 1992
266 150 0.06 1992
266 175 0.027 1992
293 5 7.743 1992
293 25 6.997 1992
293 45 6.12 1992
293 75 3.64 1992
293 100 0.79 1992
293 150 0.057 1992
293 175 0.03 1992
20 5 4.28 1993
20 25 5.497 1993
20 45 5.097 1993
20 75 2.347 1993
20 100 0.95 1993
20 125 0.26 1993
20 150 0.127 1993
20 175 0.05 1993
48 5 6.387 1993
48 25 4.363 1993
48 45 4.157 1993
48 75 0.467 1993
48 100 1.073 1993
48 125 0.307 1993
48 150 0.093 1993
48 175 0.033 1993
105 5 6.14 1993
105 25 5.443 1993
105 45 4.773 1993
105 75 3.32 1993
105 100 3.71 1993
105 125 0.183 1993
105 150 0.187 1993
105 175 0.167 1993
140 5 7.253 1993
140 25 7.59 1993
140 45 6.603 1993
140 75 5.68 1993
140 100 2.443 1993
140 125 1.323 1993
140 150 0.363 1993
140 175 0.147 1993
257 5 7.967 1993
257 25 7.527 1993
257 45 5.297 1993
257 75 3.05 1993
257 100 1.253 1993
257 125 0.48 1993
257 150 0.243 1993
257 175 0.213 1993
302 5 3.687 1993
302 25 2.71 1993
302 45 1.78 1993
302 75 1.203 1993
302 100 0.93 1993
302 125 0.227 1993
302 150 0.09 1993
302 175 0.037 1993
20 5 4.913 1994
20 25 4.917 1994
20 45 2.827 1994
20 75 1.523 1994
20 100 0.973 1994
20 125 0.147 1994
20 150 0.11 1994
20 175 0.093 1994
48 5 8.427 1994
48 25 3.567 1994
48 45 3.027 1994
48 75 0.85 1994
48 100 0.383 1994
48 125 0.15 1994
48 150 0.077 1994
48 175 0.03 1994
68 5 7.217 1994
68 25 6.397 1994
68 45 4.06 1994
68 75 2.783 1994
68 100 1.333 1994
68 125 0.587 1994
68 150 0.31 1994
68 175 0.073 1994
170 5 7.643 1994
170 25 4.84 1994
170 45 3.893 1994
170 75 2.537 1994
170 100 2.327 1994
170 125 0.853 1994
170 150 0.447 1994
170 175 0.11 1994
206 5 8.66 1994
206 25 7.15 1994
206 45 7.653 1994
206 75 3.093 1994
206 100 1.08 1994
206 125 0.247 1994
206 150 0.05 1994
206 175 0.03 1994
242 5 7.823 1994
242 25 6.167 1994
242 45 6.193 1994
242 75 3.287 1994
242 100 1.503 1994
242 125 0.493 1994
242 150 0.077 1994
242 175 0.063 1994
266 5 5.387 1994
266 25 5.633 1994
266 45 4.333 1994
266 75 2.693 1994
266 100 1.663 1994
266 125 0.34 1994
266 150 0.047 1994
266 175 0.037 1994
288 5 5.103 1994
288 25 4.363 1994
288 45 4.473 1994
288 75 1.393 1994
288 100 0.807 1994
288 125 0.35 1994
288 150 0.07 1994
288 175 0.03 1994
38 5 5.083 1995
38 25 5.26 1995
38 45 4.2 1995
38 75 2.457 1995
38 100 0.803 1995
38 125 0.55 1995
38 150 0.153 1995
63 5 7.467 1995
63 25 6.4 1995
63 45 4.737 1995
63 75 1.993 1995
63 100 1.445 1995
63 125 0.223 1995
63 150 0.067 1995
96 5 7.24 1995
96 25 6.357 1995
96 45 4.033 1995
96 75 3.22 1995
96 100 1.575 1995
96 125 0.64 1995
96 150 0.117 1995
96 175 0.047 1995
127 5 15.003 1995
127 25 12.713 1995
127 45 6.393 1995
127 75 5.797 1995
127 100 3.737 1995
127 125 1.157 1995
127 150 0.18 1995
127 175 0.047 1995
211 5 8.867 1995
211 25 6.137 1995
211 45 7.057 1995
211 75 4.117 1995
211 100 4.117 1995
211 125 0.907 1995
211 150 0.11 1995
211 175 0.107 1995
241 5 8.903 1995
241 25 6.583 1995
241 45 3.357 1995
241 100 1.69 1995
241 125 0.497 1995
241 150 0.047 1995
270 5 6.307 1995
270 25 5.59 1995
270 45 4.945 1995
270 75 2.87 1995
270 100 1.113 1995
270 125 0.12 1995
270 150 0.06 1995
270 175 0.033 1995
300 5 7.207 1995
300 25 5.8 1995
300 45 5.19 1995
300 75 1.65 1995
300 100 1.175 1995
300 125 0.28 1995
300 150 0.1 1995
300 175 0.045 1995
321 5 7.083 1995
321 25 5.337 1995
321 45 4.503 1995
321 75 2.325 1995
321 100 1.085 1995
321 125 0.127 1995
321 150 0.035 1995
321 175 0.075 1995
17 5 5.093 1996
17 25 4.727 1996
17 45 3.313 1996
17 75 0.845 1996
17 100 0.75 1996
17 125 0.17 1996
17 150 0.05 1996
87 5 7.205 1996
87 25 6.673 1996
87 45 6.37 1996
87 75 1.595 1996
87 100 1.17 1996
87 125 0.887 1996
87 150 0.1 1996
87 175 0.07 1996
115 5 6.7 1996
115 25 6.827 1996
115 45 5.263 1996
115 75 0.193 1996
115 100 1.63 1996
115 125 1.153 1996
143 5 8.853 1996
143 25 7.7 1996
143 45 5.627 1996
143 75 2.08 1996
143 100 2.143 1996
143 125 0.703 1996
143 150 0.253 1996
178 5 8.47 1996
178 25 7.497 1996
178 45 6.183 1996
178 75 0.783 1996
178 100 2.06 1996
178 125 0.65 1996
178 150 0.277 1996
209 5 8.937 1996
209 25 7.65 1996
209 45 4.94 1996
209 75 1.86 1996
209 100 0.917 1996
209 125 0.36 1996
209 150 0.1 1996
209 175 0.057 1996
234 5 10.123 1996
234 25 9.14 1996
234 45 8.707 1996
234 75 0.467 1996
234 100 1.797 1996
234 125 0.643 1996
234 150 0.087 1996
234 175 0.04 1996
276 5 10.52 1996
276 25 9.39 1996
276 45 5.237 1996
276 75 3.463 1996
276 125 0.273 1996
276 150 0.073 1996
304 5 5.853 1996
304 25 3.793 1996
304 45 1.507 1996
304 75 2.78 1996
304 100 0.873 1996
304 125 0.187 1996
304 150 0.05 1996
304 175 0.04 1996
346 5 4.637 1996
346 25 6.207 1996
346 45 3.777 1996
346 75 1 1996
346 100 0.94 1996
346 125 0.27 1996
346 150 0.103 1996
8 5 6.383 1997
8 25 4.38 1997
8 45 0.71 1997
8 75 3.01 1997
8 100 0.793 1997
8 125 0.243 1997
8 150 0.117 1997
8 175 0.043 1997
49 5 6.293 1997
49 25 4.92 1997
49 45 2.533 1997
49 75 3.52 1997
49 100 2.257 1997
49 125 0.723 1997
49 175 0.107 1997
71 5 6.983 1997
71 25 1.547 1997
71 45 4.853 1997
71 75 2.877 1997
71 100 2.633 1997
71 125 0.55 1997
71 150 0.12 1997
99 5 2.905 1997
99 25 1.567 1997
99 45 1.875 1997
99 75 2.873 1997
99 100 1.143 1997
99 125 0.087 1997
99 150 0.037 1997
99 175 0.03 1997
127 5 4.89 1997
127 25 5.253 1997
127 45 7.857 1997
127 75 2.585 1997
127 100 4.785 1997
127 125 1.245 1997
127 150 0.215 1997
127 175 0.04 1997
155 5 8.863 1997
155 25 8.11 1997
155 45 5.323 1997
155 75 2.383 1997
155 100 2.05 1997
155 125 1.117 1997
155 150 0.203 1997
155 175 0.037 1997
190 5 3.865 1997
190 25 6.845 1997
190 45 4.105 1997
190 75 2.265 1997
190 100 1.56 1997
190 125 0.525 1997
190 150 0.115 1997
214 5 3.573 1997
214 25 6.953 1997
214 45 6.047 1997
214 75 2.347 1997
214 100 1.843 1997
214 125 0.61 1997
214 150 0.143 1997
214 175 0.113 1997
268 5 5.837 1997
268 25 6.42 1997
268 45 4.353 1997
268 75 2.61 1997
268 100 1.203 1997
268 125 0.677 1997
268 150 0.17 1997
11 5 5.47 1998
11 25 5.367 1998
11 45 3.06 1998
11 75 3.093 1998
11 100 0.867 1998
11 125 0.253 1998
11 150 0.037 1998
11 175 0.063 1998
50 5 5.205 1998
50 25 4.907 1998
50 45 4.23 1998
50 75 3.39 1998
50 100 2.443 1998
50 125 0.467 1998
77 5 7.813 1998
77 25 6.45 1998
77 45 5.53 1998
77 75 4.097 1998
77 100 2.3 1998
77 125 0.57 1998
77 150 0.227 1998
77 175 0.117 1998
105 5 6.963 1998
105 25 6.577 1998
105 45 6.523 1998
105 75 3.43 1998
105 100 3.643 1998
105 125 0.573 1998
105 150 0.323 1998
133 5 7.56 1998
133 25 6.577 1998
133 45 7.313 1998
133 75 4.577 1998
133 100 2.657 1998
133 125 1.043 1998
133 150 0.267 1998
133 175 0.1 1998
168 5 6.377 1998
168 25 7.4 1998
168 45 7.037 1998
168 75 4.963 1998
168 100 3.023 1998
168 125 1.287 1998
168 150 0.37 1998
168 175 0.073 1998
196 5 8.993 1998
196 25 8.533 1998
196 45 6.89 1998
196 75 4.123 1998
196 100 2.477 1998
196 125 1.15 1998
196 150 0.197 1998
196 175 0.047 1998
222 5 12.717 1998
222 25 10.643 1998
222 45 4.387 1998
222 75 1.853 1998
222 100 1.157 1998
222 125 0.443 1998
222 150 0.177 1998
222 175 0.107 1998
271 4.9 5.07 1998
271 25.1 5.14 1998
271 45.5 4.005 1998
271 74.5 3.74 1998
271 100.4 1.36 1998
271 124.9 0.42 1998
271 151 0.19 1998
271 177.4 0.05 1998
271 5 4.48 1998
271 25 4.585 1998
271 45 4.105 1998
271 75 3.03 1998
271 100 1.215 1998
271 125 0.42 1998
271 150 0.145 1998
271 175 0.11 1998
292 5.7 6.1 1998
292 25.1 5.3 1998
292 45.5 4.17 1998
292 75.4 3.13 1998
292 100.3 1.355 1998
292 125.4 0.215 1998
292 150 0.08 1998
292 175.3 0.04 1998
292 5 4.685 1998
292 25 5.415 1998
292 45 4.68 1998
292 75 3.68 1998
292 100 1.27 1998
292 125 0.465 1998
292 150 0.105 1998
292 175 0.075 1998
315 5 6.115 1998
315 24.6 5.48 1998
315 43.9 3.21 1998
315 75.2 2.155 1998
315 100.2 0.6 1998
315 125.1 0.17 1998
315 149.7 0.065 1998
315 175.4 0.05 1998
315 5 7.07 1998
315 25 6.06 1998
315 45 4.055 1998
315 75 2.015 1998
315 100 0.595 1998
315 125 0.19 1998
315 150 0.07 1998
343 5.2 3.885 1998
343 25.5 2.188 1998
343 46.6 1.335 1998
343 74.9 0.58 1998
343 100.1 0.2 1998
343 126.5 0.12 1998
343 150.9 0.11 1998
343 175.2 0.06 1998
343 5 5.045 1998
343 25 1.905 1998
343 45 1.765 1998
343 75 0.505 1998
343 100 0.225 1998
343 125 0.17 1998
13 4.4 7.105 1999
13 25.7 7.275 1999
13 46.2 4.925 1999
13 75.9 1.785 1999
13 100.6 0.34 1999
13 125.4 0.22 1999
13 150.2 0.085 1999
13 175.6 0.04 1999
13 5 7.75 1999
13 25 6.055 1999
13 45 4.51 1999
13 75 1.545 1999
13 100 0.6 1999
13 125 0.27 1999
13 150 0.075 1999
49 5 6.3 1999
49 25 4.925 1999
49 45 3.3 1999
49 75 3.57 1999
49 100 1.325 1999
49 125 0.47 1999
49 150 0.105 1999
49 175 0.015 1999
76 5 6.283 1999
76 25 6.177 1999
76 45 6.337 1999
76 75 4.187 1999
76 100 2.877 1999
76 125 0.453 1999
76 150 0.183 1999
76 175 0.06 1999
104 5 6.357 1999
104 25 7.053 1999
104 45 7.087 1999
104 75 4.56 1999
104 100 2.217 1999
104 125 1.223 1999
104 150 0.367 1999
130 5 9.967 1999
130 25 8.323 1999
130 45 6.103 1999
130 75 5.203 1999
130 100 1.227 1999
130 125 0.247 1999
195 5 5.837 1999
195 25 5.66 1999
195 45 4.973 1999
195 75 3.79 1999
195 100 2.465 1999
195 125 1.11 1999
195 150 0.243 1999
195 175 0.077 1999
226 5 9.5 1999
226 25 9.207 1999
226 45 9.307 1999
226 75 4.233 1999
226 100 1.613 1999
226 125 0.237 1999
226 150 0.107 1999
288 5 7.475 1999
288 25 6.35 1999
288 45 5.497 1999
288 75 4.23 1999
288 100 2.41 1999
288 125 0.57 1999
288 150 0.103 1999
313 5 6.713 1999
313 25 5.652 1999
313 45 5.1 1999
313 75 2.31 1999
313 100 0.473 1999
313 125 0.397 1999
313 150 0.113 1999
349 5 5.823 1999
349 25 6.257 1999
349 45 5.137 1999
349 75 1.933 1999
349 100 0.97 1999
349 125 0.257 1999
349 150 0.107 1999
349 175 0.1 1999
34 24.3 3.77 2000
34 45 4.22 2000
34 5 5.213 2000
34 25 4.25 2000
34 45 3.433 2000
34 75 2.003 2000
34 100 0.997 2000
34 125 0.5 2000
34 150 0.123 2000
34 175 0.05 2000
61 24 6.907 2000
61 44.7 6.273 2000
61 5 6.9 2000
61 25 7.573 2000
61 45 6.54 2000
61 75 4.013 2000
61 100 2.41 2000
61 125 0.91 2000
61 150 0.167 2000
61 175 0.053 2000
89 25.2 5.567 2000
89 45.2 4.857 2000
89 5 5.913 2000
89 25 5.987 2000
89 45 5.04 2000
89 75 2.983 2000
89 100 1.073 2000
89 125 1.08 2000
89 150 0.187 2000
89 175 0.06 2000
117 24.9 9.167 2000
117 45.4 7.913 2000
117 5 9.377 2000
117 25 8.257 2000
117 45 6.407 2000
117 75 4.663 2000
117 100 2.523 2000
117 125 0.09 2000
117 150 0.19 2000
117 175 0.55 2000
146 5.2 5.42 2000
146 24.7 5.447 2000
146 45 4.28 2000
146 74.5 3.08 2000
146 99.1 1.973 2000
146 125.1 1.133 2000
146 150.3 0.347 2000
146 175.3 0.073 2000
146 25 5.11 2000
146 45 5.265 2000
173 5 25.23 2000
173 24.6 27.22 2000
173 45.4 3.6 2000
173 75.6 1.45 2000
173 99.7 1.375 2000
173 124.9 0.873 2000
173 149.8 0.495 2000
173 174.5 0.077 2000
173 25 20.225 2000
173 45 6.005 2000
208 4.6 16.04 2000
208 24.8 15.299 2000
208 44.3 9.063 2000
208 74.2 2.705 2000
208 100 1.217 2000
208 125.5 0.507 2000
208 149.3 0.127 2000
208 173.9 0.057 2000
236 4.9 7.187 2000
236 25 8.093 2000
236 44.9 8.07 2000
236 74.1 5.395 2000
236 98.8 2.517 2000
236 125.1 0.583 2000
236 149.5 0.12 2000
236 177.1 0.045 2000
236 25 5.775 2000
236 45 6.655 2000
292 4.7 4.917 2000
292 24.9 4.423 2000
292 45 3.8 2000
292 74.1 2.375 2000
292 98.9 1.357 2000
292 125.3 0.27 2000
335 4.7 7.557 2000
335 25.1 6.713 2000
335 44.9 5.033 2000
335 74.4 4.265 2000
335 99.1 0.923 2000
335 123.9 0.23 2000
355 5 4.15 2000
355 24.3 3.473 2000
355 43.1 2.303 2000
355 73.7 1.38 2000
355 100.4 0.82 2000
355 122.2 0.347 2000
17 3.7 5.983 2001
17 23.4 6.407 2001
17 44 4.427 2001
17 73.5 4.57 2001
17 99.5 1.813 2001
17 123.4 0.37 2001
81 3.9 3.887 2001
81 23.8 3.293 2001
81 44 4.717 2001
81 75.4 3.165 2001
81 98.9 0.9 2001
81 123.7 0.497 2001
108 3.9 7.16 2001
108 23.6 7.45 2001
108 43.3 6.693 2001
108 73.8 4.783 2001
108 98.7 3.223 2001
108 123.4 1.7 2001
137 4.8 8.073 2001
137 24.7 7.687 2001
137 44.8 5.56 2001
137 74.5 2.37 2001
137 98.8 1.99 2001
137 124.1 1.19 2001
165 3.9 6.12 2001
165 23.5 6.083 2001
165 44.1 5.757 2001
165 73.4 4.573 2001
165 99.4 2.453 2001
165 122.7 1.637 2001
192 4.3 6.883 2001
192 23.7 8.987 2001
192 44.7 5.17 2001
192 73.9 5.5 2001
192 100.2 2.29 2001
192 123.7 0.75 2001
220 4.7 6.123 2001
220 24.9 6.107 2001
220 44.8 5.45 2001
220 75.6 3.383 2001
220 99.1 2.39 2001
220 124.9 0.39 2001
275 4.9 8.48 2001
275 25.8 9.517 2001
275 45.1 6.15 2001
275 74.1 3.823 2001
275 100.9 1.877 2001
275 124.5 0.557 2001
296 4.8 8.097 2001
296 24.7 9.01 2001
296 45.3 7.26 2001
296 75.1 2.93 2001
296 100.4 0.66 2001
296 124.7 0.193 2001
321 4.1 8.347 2001
321 24.4 6.497 2001
321 44.1 4.63 2001
321 74.5 2.81 2001
321 99.4 0.76 2001
321 124.3 0.19 2001
16 4.4 5.82 2002
16 23.6 4.487 2002
16 44.5 4.4 2002
16 74.1 1.087 2002
16 98.8 1.19 2002
16 124.4 0.437 2002
52 4 7.43 2002
52 24.3 6.613 2002
52 44.7 5.137 2002
52 74 4.053 2002
52 100.7 3.11 2002
52 125.6 0.5 2002
72 4.1 8.06 2002
72 24.2 7.743 2002
72 44 9.043 2002
72 74.5 4.843 2002
72 98.1 3.957 2002
72 123.7 1.59 2002
141 4.1 8.18 2002
141 24 7.727 2002
141 43.5 7.287 2002
141 73.6 5.05 2002
141 99 2.67 2002
141 124.1 2.607 2002
240 4.3 8.75 2002
240 25.1 9.253 2002
240 45 7.66 2002
240 75.7 5.433 2002
240 100.7 1.62 2002
240 123.9 0.68 2002
280 4.8 8.41 2002
280 25 7.367 2002
280 44.4 6.28 2002
280 75.4 4.233 2002
280 100.1 1.99 2002
280 126 0.633 2002
308 4.7 7.727 2002
308 25 7.727 2002
308 45.2 6.663 2002
308 75.4 3.823 2002
308 99.5 1.82 2002
308 126.2 1.32 2002
329 4.9 6.81 2002
329 25.3 5.12 2002
329 44.5 4.427 2002
329 74.9 2.39 2002
329 100.7 2.073 2002
329 126.4 0.903 2002
353 3.5 6.39 2002
353 25 3.85 2002
353 45.5 4.06 2002
353 75.7 2.2 2002
353 99.1 1.853 2002
353 125.3 0.76 2002
17 4.1 10.067 2003
17 24.4 7.987 2003
17 45 8.313 2003
17 74.4 4.13 2003
17 99.7 1.533 2003
17 124.8 1.277 2003
57 4.2 6.837 2003
57 24 6.275 2003
57 45.5 5.533 2003
57 74.2 3.147 2003
57 99.2 1.303 2003
57 126.6 1.197 2003
88 9.6 7.837 2003
88 24.6 7.3 2003
88 45.2 6.237 2003
88 74.1 4.183 2003
88 101.5 2.54 2003
88 125.5 1.37 2003
114 4.3 6.533 2003
114 23.8 6.68 2003
114 44.5 5.793 2003
114 74.5 3.493 2003
114 99.2 3.167 2003
114 124.6 1.42 2003
141 24.4 5.13 2003
141 44.6 4.417 2003
141 74.4 3.117 2003
141 100.3 0.973 2003
141 123.9 0.283 2003
171 4.7 6.463 2003
171 23.4 6.403 2003
171 44.6 6.366 2003
171 74.4 4.485 2003
171 99.2 3.077 2003
171 124.3 1.34 2003
201 4.9 7.587 2003
201 24.2 7.253 2003
201 45.5 5.357 2003
201 75.1 4.16 2003
201 99.9 2.853 2003
201 125.2 1.057 2003
233 5.5 7.517 2003
233 25.5 8.163 2003
233 44.2 7.217 2003
233 74 3.987 2003
233 100.7 2.697 2003
233 128.1 0.69 2003
288 4.5 5.43 2003
288 26.9 5.77 2003
288 45 4.053 2003
288 74.6 3.103 2003
288 100.5 1.387 2003
288 123.7 0.573 2003
314 10.1 8.527 2003
314 25 7.69 2003
314 45.4 4.62 2003
314 75.9 2.253 2003
314 103.4 0.99 2003
314 127.8 0.445 2003
354 9.8 5.85 2003
354 25.1 5.683 2003
354 45.6 4.607 2003
354 74.1 1.85 2003
354 100.6 0.997 2003
354 125.4 0.45 2003
22 4.6 5.32 2004
22 23.9 4.643 2004
22 44.9 2.187 2004
22 75.1 1.003 2004
22 99.3 0.347 2004
22 125.2 0.287 2004
56 3.3 4.767 2004
56 25 3.615 2004
56 43.7 3.67 2004
56 74.4 1.507 2004
56 97.8 0.89 2004
56 123.7 0.487 2004
80 6.9 4.347 2004
80 24.2 5.187 2004
80 45.1 5.287 2004
80 73.9 3.013 2004
80 100.2 4.423 2004
80 123.4 0.773 2004
112 3.9 7.17 2004
112 23.1 7.247 2004
112 44 4.783 2004
112 73.4 5.427 2004
112 98.4 3.707 2004
112 123.6 1.127 2004
140 4.7 8.353 2004
140 24.2 9.523 2004
140 44.5 7.94 2004
140 74.3 5.913 2004
140 99.1 3.557 2004
140 124.6 1.66 2004
168 3.9 7.18 2004
168 24.3 7.5 2004
168 44.2 7.147 2004
168 74.3 3.757 2004
168 99.6 2.747 2004
168 124.3 0.85 2004
230 5.1 6.937 2004
230 24.6 8.213 2004
230 45.6 8 2004
230 74.6 2.89 2004
230 99 3.14 2004
230 124.3 0.6 2004
273 4.8 5.653 2004
273 24.8 5.69 2004
273 44.2 5.743 2004
273 73.9 3.737 2004
273 99.8 1.833 2004
273 125.7 0.677 2004
305 4.9 8.657 2004
305 25.3 7.897 2004
305 46.3 6.99 2004
305 74.7 2.687 2004
305 99.3 0.82 2004
305 125.3 0.26 2004
333 4.7 4.71 2004
333 25 5.073 2004
333 45.2 4.017 2004
333 76 1.707 2004
333 99.3 0.607 2004
333 124.6 0.18 2004
356 5 5.947 2004
356 24.4 5.287 2004
356 44.9 3.94 2004
356 76.1 1.403 2004
356 100.4 0.873 2004
356 124.7 0.103 2004
33 5 6.333 2005
33 25.1 6.133 2005
33 44.9 4.52 2005
33 74.5 2.207 2005
33 100.3 0.473 2005
33 125 0.123 2005
139 13.4 6.77 2005
139 25.9 7.58 2005
139 43.2 4.743 2005
139 75.9 4.023 2005
139 99.8 2.797 2005
139 124.4 1.493 2005
166 13.5 6.077 2005
166 24.9 6.877 2005
166 43.7 6.62 2005
166 75.2 4.443 2005
166 99.5 4.993 2005
166 125.1 0.933 2005
198 4.9 7.24 2005
198 25.4 6.637 2005
198 45.3 6.367 2005
198 75 5.2 2005
198 100.6 2.45 2005
198 125 1.583 2005
226 4.8 5.85 2005
226 24.9 6.64 2005
226 45.5 5.823 2005
226 75.3 5.13 2005
226 100.1 3.263 2005
226 125.1 1.053 2005
253 5.7 10.76 2005
253 23.9 9.847 2005
253 44.8 7.093 2005
253 76.1 2.393 2005
253 98.1 0.663 2005
253 123.5 0.22 2005
282 8 5.807 2005
282 25.2 6.823 2005
282 45.8 6.04 2005
282 75.3 4.693 2005
282 100.2 1.87 2005
282 125.4 0.44 2005
316 9.2 5.327 2005
316 24.5 6.19 2005
316 43.5 5.27 2005
316 73.6 4.467 2005
316 99 2.327 2005
316 123.8 0.717 2005
347 5 5.01 2005
347 25.2 5.36 2005
347 44.5 4.8 2005
347 75.8 3.737 2005
347 100.8 1.35 2005
347 125.1 0.58 2005
25 7.7 4.927 2006
25 24.7 4.533 2006
25 46.9 4.827 2006
25 74.8 2.45 2006
25 100.4 1.097 2006
25 125.2 1.157 2006
46 10.3 5.467 2006
46 24.6 5.437 2006
46 45.3 4.643 2006
46 73.9 5.647 2006
46 100.4 1.21 2006
46 125.1 0.21 2006
69 5.4 7.7 2006
69 24.5 7.383 2006
69 46.2 5.6 2006
69 75.5 2.757 2006
69 99.7 1.447 2006
69 123.1 0.563 2006
92 6.2 5.317 2006
92 25.5 7.233 2006
92 45 6.953 2006
92 75.6 3.55 2006
92 100.5 3.027 2006
92 124.3 0.643 2006
147 7.3 6.223 2006
147 26.5 5.72 2006
147 46.4 5.853 2006
147 76.3 4.05 2006
147 101.2 3.6 2006
147 124.6 1.143 2006
165 8.2 6.295 2006
165 25 5.247 2006
165 46 5.127 2006
165 76.1 4.403 2006
165 100.9 2.947 2006
165 124.9 1.757 2006
221 8.4 6.013 2006
221 25.1 5.93 2006
221 45 7.897 2006
221 75.3 3.747 2006
221 101.3 1.327 2006
221 125.7 0.403 2006
259 6.3 3.565 2006
259 26.3 5.323 2006
259 46.1 4.053 2006
259 75.6 1.627 2006
259 100.8 0.73 2006
259 125.3 0.427 2006
294 8.7 6.53 2006
294 25.3 5.163 2006
294 45.1 5.633 2006
294 74.5 1.957 2006
294 101.4 0.835 2006
294 126 0.353 2006
313 6.9 3.637 2006
313 25 4.823 2006
313 45.5 3.573 2006
313 76.1 1.42 2006
313 100.8 0.737 2006
313 124.8 0.423 2006
344 9 5.557 2006
344 23.7 5.063 2006
344 44.6 3.91 2006
344 75 2.203 2006
344 101 1.207 2006
344 125.7 0.273 2006
38 5.1 5.17 2007
38 24.6 4.473 2007
38 45.2 4.063 2007
38 75.5 4.127 2007
38 100.8 1.56 2007
38 123.4 0.18 2007
80 4.4 6.36 2007
80 25 5.737 2007
80 44.6 4.863 2007
80 75.1 3.17 2007
80 99.7 4.82 2007
80 124.2 0.56 2007
125 7.4 6.653 2007
125 25.9 6.867 2007
125 44.5 7.65 2007
125 75.3 4.207 2007
125 100.2 2.423 2007
125 125.3 1.537 2007
189 6.8 6.533 2007
189 24.8 6.203 2007
189 45.3 5.857 2007
189 75.9 4.087 2007
189 99.8 2.167 2007
189 124.8 0.923 2007
216 7.9 9.257 2007
216 25.2 6.717 2007
216 44.9 6.527 2007
216 75.9 4.14 2007
216 100.1 3.033 2007
216 125.4 0.8 2007
246 6.6 8.177 2007
246 25.8 7.507 2007
246 46 5.275 2007
246 75.9 3.903 2007
246 100.5 1.643 2007
246 125.4 0.78 2007
275 4.5 5.78 2007
275 24.8 5.067 2007
275 44.3 5.22 2007
275 75.7 2.987 2007
275 99 1.343 2007
275 126 0.54 2007
335 9.4 6.11 2007
335 25 4.64 2007
335 45 3.76 2007
335 75.1 2.84 2007
335 99.6 1.467 2007
335 126.2 0.197 2007
354 5.8 7.56 2007
354 24 6.957 2007
354 45.8 4.473 2007
354 76 1.99 2007
354 101.1 0.67 2007
354 123.1 0.25 2007
29 5.8 7.963 2008
29 24.5 7.587 2008
29 45.7 6.303 2008
29 74.5 2.61 2008
29 99.7 1.175 2008
29 124.2 0.403 2008
54 7.4 5.953 2008
54 27.8 5.427 2008
54 46.4 4.137 2008
54 76.6 3.303 2008
54 102 2.85 2008
54 126.3 0.92 2008
148 7.5 5.457 2008
148 26.1 7.163 2008
148 46 5.623 2008
148 75.6 3.217 2008
148 101.1 2.733 2008
148 125.6 0.817 2008
177 9.2 7.983 2008
177 24.6 7.87 2008
177 44.1 5.93 2008
177 74.2 4.063 2008
177 99.2 1.983 2008
177 124.3 0.663 2008
208 8.4 7.097 2008
208 25.3 7.623 2008
208 44.7 6.905 2008
208 75 3.837 2008
208 100.9 1.657 2008
208 125.3 0.833 2008
229 6.2 7.683 2008
229 24.9 7.787 2008
229 43.7 8.237 2008
229 74.3 4.463 2008
229 100.1 2.03 2008
229 125.6 0.417 2008
284 6 7.31 2008
284 24.5 5.92 2008
284 44.2 5.525 2008
284 74.3 3.78 2008
284 99.2 1.15 2008
284 124.1 0.263 2008
335 10.1 10.15 2008
335 22.3 9.02 2008
335 43.3 7.03 2008
335 76.7 1.397 2008
335 100.2 0.583 2008
335 121.8 0.233 2008
20 6.6 4.777 2009
20 24.6 5.257 2009
20 45.3 3.92 2009
20 74.4 3.127 2009
20 99.6 0.89 2009
20 125.3 0.287 2009
48 6.7 5.737 2009
48 24.8 6.723 2009
48 45.4 4.637 2009
48 74.9 3.497 2009
48 100 2.49 2009
48 126 0.833 2009
118 5 6.957 2009
118 25 5.48 2009
118 44.7 4.845 2009
118 75 2.983 2009
118 99.8 3.55 2009
118 125.1 0.663 2009
147 7.2 8.603 2009
147 27.1 5.89 2009
147 47 4.59 2009
147 76.9 2.89 2009
147 101.9 1.953 2009
147 126.7 0.717 2009
184 8.2 6.343 2009
184 25.1 5.787 2009
184 44.7 3.72 2009
184 74.4 5.153 2009
184 100.1 2.78 2009
184 125.9 1.587 2009
205 7.6 5.457 2009
205 24.9 4.837 2009
205 45.1 4.93 2009
205 75.4 2.783 2009
205 99.9 1.527 2009
205 124.9 0.59 2009
230 8.3 9.743 2009
230 24.5 10.067 2009
230 46.1 10.817 2009
230 75 5.487 2009
230 100.7 1.783 2009
230 124.4 0.48 2009
267 5.4 6.527 2009
267 25.1 5.383 2009
267 44.6 3.703 2009
267 74.7 2.173 2009
267 99.8 2.17 2009
267 125.2 0.355 2009
307 4.6 4.633 2009
307 24 4.553 2009
307 44.7 2.463 2009
307 75.2 1.267 2009
307 99.4 0.647 2009
307 127 0.167 2009
343 4.7 5.91 2009
343 24.4 5.62 2009
343 44.3 3.92 2009
343 75 3.43 2009
343 99.9 0.933 2009
343 126.5 0.227 2009
96 4.7 5.83 2010
96 25.2 6.523 2010
96 44.2 5.995 2010
96 77.3 3.257 2010
96 98.4 1.767 2010
96 123.6 1.223 2010
138 5 6.25 2010
138 23.1 6.23 2010
138 44.5 5.82 2010
138 74.5 3.393 2010
138 100.4 4.14 2010
138 125.1 0.63 2010
159 5.4 6.627 2010
159 25 7.03 2010
159 44.6 5.98 2010
159 75.4 3.9 2010
159 100.1 3.097 2010
159 127.1 0.943 2010
189 5.9 8.353 2010
189 25.7 10.26 2010
189 46.1 6.27 2010
189 75.3 4.53 2010
189 100.4 2.07 2010
189 125.5 0.817 2010
219 6 3.96 2010
219 24.9 6.563 2010
219 45.1 4.68 2010
219 75.4 4.523 2010
219 100.2 2.403 2010
219 125.1 0.69 2010
246 6.6 5.717 2010
246 25 6.393 2010
246 45 4.82 2010
246 75.3 3.38 2010
246 100.3 2.067 2010
246 124.5 0.657 2010
276 5.7 8.36 2010
276 24.5 8.39 2010
276 45.5 7.705 2010
276 76 4.273 2010
276 100.8 2.09 2010
276 126 0.56 2010
325 5.7 5.093 2010
325 25.2 5.577 2010
325 45 3.383 2010
325 75.2 2.553 2010
325 100.3 1.59 2010
325 125.6 0.417 2010
9 6.7 5.66 2011
9 26.6 6.113 2011
9 46.2 4.785 2011
9 76.6 2.283 2011
9 101.4 1.225 2011
9 125.5 0.453 2011
29 6.7 5.527 2011
29 24.9 5.213 2011
29 45.8 4.557 2011
29 74.9 2.605 2011
29 100 1.527 2011
29 124.5 0.617 2011
59 6.8 6.353 2011
59 24.8 6.963 2011
59 46.3 4.613 2011
59 75.5 3.063 2011
59 100.7 1.723 2011
59 125.7 0.817 2011
101 4.6 4.997 2011
101 25.4 6.045 2011
101 45.5 4.963 2011
101 75 3.545 2011
101 102.5 1.663 2011
101 124.8 0.733 2011
129 5.9 7.31 2011
129 24.1 7.5 2011
129 44 5.74 2011
129 74.2 2.66 2011
129 99.4 1.097 2011
129 123.9 0.3 2011
200 5.7 6.81 2011
200 24.5 6.373 2011
200 44.6 6.307 2011
200 74.7 4.69 2011
200 99.8 2.877 2011
200 124.1 1.01 2011
243 5.6 9.525 2011
243 25.7 9.545 2011
243 45.6 7.12 2011
243 74.8 4.847 2011
243 99.7 1.857 2011
243 124.9 0.485 2011
270 5.8 8.285 2011
270 25.7 7.42 2011
270 45.3 6.84 2011
270 75.9 3.993 2011
270 100.9 1.493 2011
270 125.5 0.545 2011
308 5.7 8.74 2011
308 26 7.123 2011
308 47.1 4.607 2011
308 78.5 3.693 2011
308 99.9 0.95 2011
308 126.7 0.173 2011
333 5.6 10.885 2011
333 24.8 10.173 2011
333 45.5 4.833 2011
333 74.2 1.863 2011
333 99.6 0.47 2011
333 124.1 0.207 2011
18 5.6 6.413 2012
18 25.8 8.233 2012
18 44.4 5.8 2012
18 75.7 2.743 2012
18 100.2 1.08 2012
18 127.5 0.4 2012
122 5.7 7.193 2012
122 23.9 7.067 2012
122 46.1 7.7 2012
122 78.2 5.583 2012
122 101.1 4.3 2012
122 125.5 1.08 2012
151 4.5 6.667 2012
151 24.4 8.407 2012
151 45.6 6.037 2012
151 73.8 4.16 2012
151 100.9 1.96 2012
151 123.9 0.683 2012
178 5 6.483 2012
178 24.8 7.677 2012
178 45.4 6.78 2012
178 75.1 4.697 2012
178 99.5 3.173 2012
178 125.2 1.247 2012
213 6.7 6.66 2012
213 24.4 7.85 2012
213 45.4 6.223 2012
213 75.7 4.723 2012
213 100.3 2.16 2012
213 124.6 0.825 2012
230 5.2 5.047 2012
230 24.7 5.503 2012
230 45.4 4.193 2012
230 75.3 3.49 2012
230 100.3 2.49 2012
230 126.3 1.005 2012
258 5.5 5.267 2012
258 24.6 5.09 2012
258 45.5 5.267 2012
258 75.3 4.115 2012
258 100.5 2.855 2012
258 124.5 0.91 2012
281 5.6 5.975 2012
281 25.2 6.47 2012
281 45.3 4.697 2012
281 75.4 3.863 2012
281 100.2 2.755 2012
281 125.5 0.905 2012
338 5.9 5.997 2012
338 25.5 4.95 2012
338 44.3 3.56 2012
338 75.4 1.577 2012
338 100.1 1.17 2012
338 124.8 0.365 2012
43 7.9 5.767 2013
43 25.4 6.62 2013
43 45.6 4.28 2013
43 75.1 2.685 2013
43 100 1.653 2013
43 124.3 0.933 2013
65 6.3 6.61 2013
65 25 7.23 2013
65 45.1 7.197 2013
65 76.5 5.905 2013
65 99.6 2.327 2013
65 124.9 0.73 2013
95 5.3 5.977 2013
95 25.4 5.953 2013
95 45.9 5.59 2013
95 75.7 4.19 2013
95 100 3.473 2013
95 125.2 1.72 2013
137 7.3 6.19 2013
137 25 6.7 2013
137 45.3 6.583 2013
137 75.5 4.285 2013
137 100.4 3.027 2013
137 124.8 1.533 2013
176 8 8.413 2013
176 25.9 7.663 2013
176 45.1 8.087 2013
176 76.1 6.66 2013
176 101.8 5.207 2013
176 125.7 1.233 2013
254 6.8 7.97 2013
254 25.4 8.477 2013
254 45.2 7.837 2013
254 75.6 4.155 2013
254 101.3 2.613 2013
254 125.8 1.27 2013
274 7.5 8.96 2013
274 25.2 9.453 2013
274 45.1 9.747 2013
274 76 3.79 2013
274 99.5 1.62 2013
274 125.7 0.523 2013
300 7.7 8.92 2013
300 25.4 8.103 2013
300 45.7 7.113 2013
300 75.5 4.53 2013
300 100.2 2.4 2013
300 124.8 0.5 2013
330 7.6 6.64 2013
330 25.2 6.69 2013
330 45.7 6.37 2013
330 74.3 4.34 2013
330 100.7 1.96 2013
330 126.3 0.363 2013
354 7.5 6.435 2013
354 25.2 6.357 2013
354 44.8 5.027 2013
354 74.2 2.985 2013
354 100.2 1.27 2013
354 125.6 0.293 2013
15 6.3 4.627 2014
15 24.3 5.267 2014
15 45.9 4.293 2014
15 75.9 2.735 2014
15 101.1 1.393 2014
15 126.3 0.743 2014
45 7.8 4.137 2014
45 26.2 3.387 2014
45 44.2 2.333 2014
45 74.9 1.325 2014
45 100.4 1.02 2014
45 125.4 0.213 2014
64 7 6.813 2014
64 24.8 7.503 2014
64 46.4 6.507 2014
64 75.5 4.61 2014
64 100.5 3.45 2014
64 124.2 0.72 2014
100 4.5 7.283 2014
100 23.9 7.927 2014
100 45 7.96 2014
100 72.8 5.647 2014
100 99.2 3.53 2014
100 124.8 1.977 2014
152 5.4 9.193 2014
152 24.7 6.183 2014
152 44.8 5.34 2014
152 75.4 5.605 2014
152 100.2 6.613 2014
152 125.6 1.937 2014
181 5.1 9.533 2014
181 24.9 9.887 2014
181 45.2 6.735 2014
181 75.7 4.32 2014
181 100 2.217 2014
181 124.4 1.583 2014
257 7.7 6.913 2014
257 45.1 6.713 2014
257 75.3 4.343 2014
257 100.2 2.743 2014
257 125.1 0.587 2014
286 8 10.373 2014
286 24.9 11.787 2014
286 45.8 8.793 2014
286 74.1 4.41 2014
286 100.3 1.927 2014
286 124.6 0.383 2014
325 6.9 8.257 2014
325 25.4 8.257 2014
325 44.7 5.977 2014
325 74.4 3.513 2014
325 100.4 1.21 2014
325 125.4 0.283 2014
350 7.4 5.2 2014
350 25.1 7.36 2014
350 44.5 5.497 2014
350 75.3 2.197 2014
350 100.6 1.237 2014
350 125.5 0.38 2014
55 4.6 5.557 2015
55 25.4 7.343 2015
55 46.2 5.69 2015
55 75.4 3.66 2015
55 99.6 3.257 2015
55 124 0.94 2015
87 24.6 6.633 2015
87 44.8 6.01 2015
87 75 3.687 2015
87 99.9 1.55 2015
87 125.2 0.687 2015
111 5.5 7.167 2015
111 24.4 5.957 2015
111 44.5 6.937 2015
111 75.2 4.493 2015
111 100.3 5.15 2015
111 123.4 1.045 2015
143 6.9 6.447 2015
143 26.5 7.36 2015
143 45.7 5.83 2015
143 75.2 4.983 2015
143 99.9 3.017 2015
143 126.4 1.785 2015
170 8.1 6.727 2015
170 24.2 7.14 2015
170 46.3 6.39 2015
170 76.3 4.55 2015
170 101.3 2.337 2015
170 125.1 1.033 2015
200 6.9 7.385 2015
200 24.7 7.923 2015
200 44.7 7.943 2015
200 74.8 6.03 2015
200 99.8 3.7 2015
200 124.5 1.293 2015
224 4.8 8.383 2015
224 25.1 11.28 2015
224 45.7 8.01 2015
224 75.2 5.06 2015
224 102.2 3.337 2015
224 125.6 0.69 2015
286 5.2 8.133 2015
286 24.9 8.38 2015
286 45.5 8.333 2015
286 74.4 4.2 2015
286 99.8 1.563 2015
286 125.5 0.587 2015
342 4.6 7.767 2015
342 25.5 6.963 2015
342 45 4.257 2015
342 75.4 1.413 2015
342 100.1 0.763 2015
342 125.9 0.277 2015
12 7.4 7.195 2016
12 25.2 7.427 2016
12 45.1 5.8 2016
12 73.2 2.717 2016
12 101.3 1.81 2016
12 126.4 0.52 2016
40 6.1 5.947 2016
40 24.4 7.573 2016
40 44.6 6.43 2016
40 74.5 3.46 2016
40 98 1.897 2016
40 125.5 0.663 2016
106 4.8 6.533 2016
106 24.3 6.113 2016
106 44.9 6.783 2016
106 76.7 5.937 2016
106 101.4 2.153 2016
106 128.1 1.023 2016
149 7.2 6.95 2016
149 27 6.557 2016
149 47.7 6.763 2016
149 78.4 5.757 2016
149 102.9 4.933 2016
149 127.4 2.207 2016
193 4.9 5.76 2016
193 24.7 6.003 2016
193 45.7 5.33 2016
193 74.1 3.823 2016
193 100.4 4.777 2016
193 126.5 1.48 2016
223 6.1 7.107 2016
223 25.3 6.217 2016
223 45.8 5.913 2016
223 73.8 3.827 2016
223 100.7 3.33 2016
223 126.9 1.267 2016
289 5.5 5.867 2016
289 24.8 5.16 2016
289 44.6 6.543 2016
289 75.6 2.965 2016
289 99.5 2.823 2016
289 124.8 0.805 2016
24 5.7 7.88 2017
24 24.7 6.187 2017
24 44.5 5.967 2017
24 75 4.52 2017
24 99.1 1.857 2017
24 124.8 0.523 2017
54 6.1 5.857 2017
54 25.8 5.913 2017
54 45.9 5.49 2017
54 76.7 2.353 2017
54 100.6 2.107 2017
54 127.4 0.723 2017
87 5.2 3.347 2017
87 24 3.763 2017
87 46 2.95 2017
87 75.2 3.607 2017
87 101.2 3.2 2017
87 125.6 1.823 2017
115 5.5 5.943 2017
115 24.3 6.02 2017
115 45.9 5.853 2017
115 75.5 3.23 2017
115 100.5 3.013 2017
115 124.7 1.15 2017
143 4.7 4.543 2017
143 25.8 4.84 2017
143 45.3 5.893 2017
143 77.1 3.713 2017
143 100.3 2.407 2017
143 124.8 0.923 2017
171 7.5 5.175 2017
171 26.1 7.89 2017
171 46.6 6.217 2017
171 76.3 6.26 2017
171 101.5 5.04 2017
171 125.1 2.033 2017
220 5 10.6 2017
220 25.3 11.433 2017
220 47.3 10.797 2017
220 76.4 4.687 2017
220 100.5 4.343 2017
220 126.5 0.643 2017
280 5.5 6.437 2017
280 26.2 6.353 2017
280 46 5.957 2017
280 75.6 2.63 2017
280 101.4 1.313 2017
280 126.7 0.623 2017
312 8.1 7.84 2017
312 26.6 7.017 2017
312 45.2 6.327 2017
312 74.7 4.133 2017
312 101 2.32 2017
312 126.2 0.71 2017
346 5.1 6.037 2017
346 26 5.37 2017
346 46.3 4.773 2017
346 76.2 1.96 2017
346 101.7 1.343 2017
346 128.1 0.42 2017
56 5 4.293 2018
56 25.1 2.47 2018
56 44.9 1.543 2018
56 75.4 1.277 2018
56 100.5 0.693 2018
56 125.9 0.437 2018
108 5.3 7.28 2018
108 25.3 6.12 2018
108 46.4 4.69 2018
108 73.8 2.517 2018
108 100.8 1.31 2018
108 127.1 0.607 2018
177 6.2 6.323 2018
177 25.7 7.003 2018
177 46.4 6.517 2018
177 75.6 4.883 2018
177 106.8 2.35 2018
177 127.1 1.203 2018
205 6.1 7.647 2018
205 26.2 7.167 2018
205 46.3 6.413 2018
205 76.1 4.56 2018
205 100.9 2.663 2018
205 126.2 0.58 2018
253 7.3 6.7 2018
253 25.6 6.797 2018
253 45.7 6.153 2018
253 76.1 3.323 2018
253 100 1.193 2018
253 125.2 0.497 2018
285 4.6 8.603 2018
285 24.1 7.577 2018
285 44.4 5.6 2018
285 73 1.88 2018
285 99.3 0.955 2018
285 125.7 0.19 2018
320 6.8 6.357 2018
320 24 5.887 2018
320 44.3 3.86 2018
320 75.8 2.047 2018
320 98.9 0.97 2018
320 126.1 0.393 2018
15 6.8 7.643 2019
15 24.2 7.54 2019
15 44.7 5.503 2019
15 76 2.633 2019
15 100.6 1.177 2019
15 125.3 0.407 2019
122 5 5.857 2019
122 24.7 5.725 2019
122 44.5 4.913 2019
122 74.9 2.697 2019
122 99.7 1.467 2019
122 124.7 0.613 2019
162 5.2 7.35 2019
162 24.3 7.203 2019
162 45 7.08 2019
162 75.1 4.667 2019
162 99.4 1.87 2019
162 124.4 1.347 2019
182 5.4 8.993 2019
182 25.1 8.517 2019
182 45.5 8.71 2019
182 74.7 5.673 2019
182 99.5 3.093 2019
182 125.1 0.683 2019
214 5.2 8.997 2019
214 25.1 8.817 2019
214 44.9 8.293 2019
214 74.1 3.787 2019
214 99 1.447 2019
214 125.3 0.847 2019
247 5.3 9.573 2019
247 25.3 8.563 2019
247 45 9.067 2019
247 74.5 3.55 2019
247 99.7 1.45 2019
247 126.2 0.897 2019
290 4.6 9.103 2019
290 24.7 11.683 2019
290 45.1 7.523 2019
290 74.6 3.365 2019
290 100.4 1.277 2019
290 125 0.297 2019
353 5.1 6.377 2019
353 24.5 6.177 2019
353 44.5 5.337 2019
353 76.3 3.02 2019
353 100.9 3.037 2019
353 124.6 0.56 2019
